15.012934684753418
12.30660629272461
10.381054878234863
9.04086971282959
7.303440570831299
7.481807708740234
7.792039394378662
8.053316116333008
8.071989059448242
7.898756980895996
7.759393692016602
7.561463356018066
7.431509971618652
7.08616828918457
6.711706638336182
6.365088939666748
6.072911739349365
5.671975135803223
5.1948933601379395
4.770882606506348
4.33351993560791
3.9324119091033936
3.42523455619812
2.9569790363311768
2.65745210647583
2.6663155555725098
2.4110541343688965
1.9363433122634888
1.5542924404144287
1.4017536640167236
1.2086167335510254
0.9792894124984741
0.8109346032142639
0.7732868194580078
0.48059970140457153
0.7106184959411621
0.9598821401596069
1.2217938899993896
1.2520954608917236
1.2561887502670288
1.2295126914978027
1.1506810188293457
1.0250508785247803
0.8574008941650391
0.961834192276001
1.0349347591400146
0.8622944355010986
0.4755973815917969
0.580112636089325
0.8590713143348694
0.8798137307167053
0.6739050149917603
0.3021746873855591
0.5257114768028259
0.5836814641952515
0.5289509892463684
0.48038363456726074
0.540691614151001
0.42699575424194336
0.5652397871017456
0.772644579410553
0.5902335047721863
0.37448257207870483
0.5089893937110901
0.776730477809906
0.6470799446105957
0.3596559166908264
0.4519715905189514
0.6727427244186401
0.5070477724075317
0.45638978481292725
0.5561366677284241
0.4447430372238159
0.4473164677619934
0.45789629220962524
0.28811395168304443
0.3879427909851074
0.4916831851005554
0.4954829812049866
0.3789156675338745
0.34165382385253906
0.40245503187179565
0.4108920693397522
0.5005687475204468
0.5121216177940369
0.3685459494590759
0.5695059895515442
0.6513997912406921
0.42594075202941895
0.34439414739608765
0.41120052337646484
0.40505528450012207
0.4149794578552246
0.33893436193466187
0.36702901124954224
0.5033046007156372
0.44180750846862793
0.3960460424423218
0.3037780523300171
0.451505184173584
0.5977168679237366
0.5781739950180054
0.5233079195022583
0.43705254793167114
0.35341978073120117
0.27972012758255005
0.2873823046684265
0.3449857234954834
0.37804245948791504
0.38908272981643677
0.38037747144699097
0.3539577126502991
0.3116533160209656
0.25509893894195557
0.2963721752166748
0.3401950001716614
0.3611236810684204
0.36150962114334106
0.34345388412475586
0.3088518977165222
0.25940537452697754
0.2855151891708374
0.3236353397369385
0.3396168351173401
0.33572763204574585
0.3139972686767578
0.2762526273727417
0.2580612897872925
0.28670430183410645
0.29434263706207275
0.28308331966400146
0.25484412908554077
0.2707749605178833
0.29179155826568604
0.29263049364089966
0.27534961700439453
0.24527907371520996
0.2652198076248169
0.26952624320983887
0.25536417961120605
0.25753676891326904
0.2671971917152405
0.25933533906936646
0.25340020656585693
0.2559155225753784
0.25392621755599976
0.24804174900054932
0.2478376030921936
0.25520026683807373
0.26350468397140503
17.440406799316406
17.14979362487793
16.75629425048828
16.29680824279785
15.792223930358887
15.259445190429688
14.700835227966309
14.122719764709473
13.532851219177246
12.932902336120605
12.326169967651367
11.716057777404785
11.103718757629395
10.489652633666992
9.876154899597168
9.265329360961914
8.66843318939209
8.153481483459473
7.676356315612793
7.222787380218506
6.780544281005859
6.346200466156006
5.915338516235352
5.489861488342285
5.071602821350098
4.68480110168457
4.3780364990234375
4.106683254241943
3.861128807067871
3.630131721496582
3.4303557872772217
3.2545974254608154
3.0881853103637695
2.9256482124328613
2.7601137161254883
2.5934319496154785
2.4219183921813965
2.2440710067749023
2.0598044395446777
1.8754843473434448
1.7113169431686401
1.5906753540039062
1.5019116401672363
1.4259744882583618
1.3531805276870728
1.2818247079849243
1.208878993988037
1.133258581161499
1.057286024093628
0.9852105975151062
0.9211909770965576
0.868575930595398
0.8290916681289673
0.79746413230896
0.7679134011268616
0.7411633729934692
0.7211588621139526
0.6982295513153076
0.6726710796356201
0.6524770259857178
0.6367056965827942
0.6267026662826538
0.6183479428291321
0.6101299524307251
0.6040319800376892
0.596310019493103
0.5868591070175171
0.5837578177452087
0.5817755460739136
0.5794130563735962
0.5747959613800049
0.570411741733551
0.5653243064880371
0.5592740774154663
0.5519974231719971
0.5457226037979126
0.5432140827178955
0.5397936105728149
0.5362411737442017
0.5383249521255493
0.5373974442481995
0.5345635414123535
0.5331447720527649
0.5311198234558105
0.5289089679718018
0.5274605751037598
0.5244324207305908
0.5267348289489746
0.5262356996536255
0.5229960083961487
0.5204136371612549
0.5208215117454529
0.5212375521659851
0.5195705890655518
0.5160918831825256
0.5159541368484497
0.5168780088424683
0.5151500701904297
0.5121687650680542
0.5137132406234741
0.5148969888687134
0.5125096440315247
0.5087288618087769
0.5065090656280518
0.5069079399108887
0.5057073831558228
0.5051020383834839
0.5050560832023621
0.5046532154083252
0.5046048164367676
0.5030636787414551
0.5033270120620728
0.5044244527816772
0.5031410455703735
0.503894567489624
0.5047363042831421
0.5036331415176392
0.5022972822189331
0.5031001567840576
0.502264142036438
0.5013343095779419
0.5015733242034912
0.5009901523590088
0.501853883266449
0.5013539791107178
0.5013264417648315
0.5027785897254944
0.5024219751358032
0.5004469156265259
0.5023411512374878
0.5025227665901184
0.5009585618972778
0.5014363527297974
0.5015003681182861
0.4998728334903717
0.5002180933952332
0.5002083778381348
0.5004488229751587
0.5002366304397583
0.4998163878917694
0.5011242032051086
0.5011459589004517
0.5001239776611328
0.5018603801727295
0.5021030902862549
0.5004857778549194
0.5009615421295166
0.5018669366836548
0.5005096197128296
0.5003098845481873
0.5011566877365112
0.501038134098053
0.5007397532463074
0.5002937316894531
0.5000958442687988
0.499936580657959
0.4997444748878479
0.49953529238700867
0.49980032444000244
0.5000868439674377
0.500126838684082
0.49994879961013794
0.4995831549167633
0.4990687668323517
0.49909064173698425
0.49906089901924133
0.4990025460720062
0.4990174174308777
0.49884551763534546
0.4985499083995819
0.49883928894996643
0.49895501136779785
0.4988444149494171
0.4988005757331848
0.49871826171875
0.49880486726760864
0.4987010657787323
0.4987497627735138
0.4987458884716034
0.4986715614795685
0.4986084997653961
0.49838492274284363
0.49854931235313416
0.4986588954925537
0.4985966384410858
0.4985952377319336
0.4985470175743103
0.49846214056015015
0.4984267055988312
0.4983977973461151
0.4982765316963196
0.4982573390007019
0.4981974959373474
0.4982863962650299
0.4982866942882538
0.4982110261917114
0.4983268976211548
0.49833425879478455
0.4981592297554016
0.4982447624206543
0.498327374458313
0.4981921911239624
0.4980752170085907
0.49814000725746155
0.4980170726776123
0.4981224834918976
0.49815845489501953
0.4979906678199768
0.49799054861068726
0.4979453384876251
0.49785637855529785
0.4979373514652252
0.49798667430877686
0.49793556332588196
0.4979279339313507
0.49783965945243835
0.4979546070098877
0.49796462059020996
0.497782826423645
0.49779653549194336
0.497809499502182
0.4976939558982849
0.49787065386772156
0.49781185388565063
0.49774470925331116
0.497760146856308
0.4978262484073639
0.49781373143196106
0.4977322816848755
0.49761226773262024
0.4977222979068756
0.4977450966835022
0.49776726961135864
0.4977392256259918
0.49767330288887024
0.49756643176078796
0.4977235198020935
0.49766775965690613
0.49753519892692566
0.49773523211479187
0.4977850317955017
0.49765104055404663
0.4975643455982208
0.49763429164886475
0.497600793838501
0.4973617196083069
0.49753537774086
0.4975551962852478
0.49749475717544556
0.49746185541152954
0.49749869108200073
0.49748367071151733
0.4974397122859955
0.49744242429733276
0.4974265694618225
0.49731916189193726
0.49740487337112427
0.4974059760570526
0.49734213948249817
0.49755963683128357
0.49759358167648315
0.49744030833244324
0.49739181995391846
0.4974817931652069
0.4973577857017517
0.4974401891231537
0.4975201487541199
0.4974187910556793
0.49731212854385376
0.49735790491104126
0.49731045961380005
0.49732476472854614
0.49729055166244507
0.49735522270202637
0.4972781538963318
0.4974212348461151
0.4974778890609741
0.49734577536582947
0.49742501974105835
0.49749988317489624
0.4973650574684143
0.4973994493484497
0.4974958598613739
0.49740466475486755
0.49728405475616455
0.4973272681236267
0.49724647402763367
0.4972296953201294
0.4972822964191437
0.49724462628364563
0.4972284138202667
0.49730128049850464
0.4972347617149353
0.4974176287651062
0.49743667244911194
0.4972281754016876
0.49749594926834106
0.49763059616088867
0.4975757896900177
0.4973441958427429
0.4974147081375122
0.4975752532482147
0.4975108802318573
0.4973408877849579
0.4973755180835724
0.4973755180835724
0.497305303812027
0.4972153306007385
0.49734577536582947
0.49736955761909485
0.49735090136528015
0.4973655939102173
0.4973311126232147
0.497337281703949
0.4973886013031006
0.4972788989543915
0.49730777740478516
0.497358113527298
0.4973282516002655
0.49729448556900024
0.4974428713321686
0.497420072555542
0.49725526571273804
0.4972546100616455
0.497209370136261
0.49733561277389526
0.4973427951335907
0.49717390537261963
0.49728038907051086
0.4971975088119507
0.4973725974559784
0.49740368127822876
0.4972143769264221
0.49739715456962585
0.4975214898586273
0.4974517524242401
0.49728092551231384
0.4972953200340271
0.497353732585907
0.4972192347049713
0.49720579385757446
0.4972124397754669
0.49720466136932373
0.4972841441631317
0.49719491600990295
0.4973064959049225
0.49728092551231384
0.4971580505371094
0.49739935994148254
0.49740198254585266
60.80970764160156
58.29076385498047
55.76074981689453
53.19376754760742
50.950721740722656
48.90202331542969
47.24118423461914
45.399566650390625
43.47629165649414
41.49665451049805
39.439395904541016
37.36959457397461
35.90633773803711
34.47101974487305
32.89900588989258
31.280519485473633
29.626441955566406
28.363374710083008
27.071807861328125
25.89192008972168
24.9813232421875
23.999183654785156
23.084150314331055
22.21064567565918
21.238479614257812
20.334684371948242
19.363323211669922
18.284093856811523
17.167848587036133
16.164386749267578
15.590755462646484
14.828320503234863
14.09054183959961
13.587608337402344
12.962261199951172
12.22075080871582
11.427522659301758
10.644814491271973
9.877035140991211
9.16594409942627
8.461639404296875
7.812539100646973
7.372656345367432
6.874273777008057
6.290376663208008
5.8201375007629395
5.202682018280029
4.563812732696533
4.037845134735107
3.3816428184509277
2.9279263019561768
2.4967596530914307
2.335753917694092
2.169217824935913
2.054558515548706
2.0558078289031982
2.279594898223877
2.4763808250427246
2.489729881286621
2.3729186058044434
2.459346055984497
2.513847589492798
2.543344497680664
2.540914535522461
2.549187421798706
2.4525198936462402
2.352778911590576
2.277958869934082
2.2331995964050293
2.149250030517578
2.070070505142212
1.9514809846878052
1.8928409814834595
1.885724425315857
1.926439642906189
1.8700226545333862
1.792034387588501
1.7779159545898438
1.810344934463501
1.8153631687164307
1.7692277431488037
1.7570958137512207
1.6269195079803467
1.6175308227539062
1.6099023818969727
1.6077795028686523
1.5814180374145508
1.6368781328201294
1.630104660987854
1.5668237209320068
1.4930942058563232
1.5191649198532104
1.5798109769821167
1.671380877494812
1.6661746501922607
1.5853935480117798
1.6179766654968262
1.6304285526275635
1.5573384761810303
1.5231311321258545
1.5892672538757324
1.5861756801605225
1.5451682806015015
1.529963731765747
1.4940131902694702
1.5002655982971191
1.469192624092102
1.4908392429351807
1.5374647378921509
1.4816668033599854
1.480926513671875
1.5127527713775635
1.4891128540039062
1.4765629768371582
1.5778697729110718
1.5817742347717285
1.5351653099060059
1.524031639099121
1.504129409790039
1.5066370964050293
1.4855899810791016
1.474611759185791
1.5695645809173584
1.5476808547973633
1.5690357685089111
1.5139381885528564
1.5179071426391602
1.5378293991088867
1.593360424041748
1.6047072410583496
1.5898674726486206
1.503100037574768
1.5456387996673584
1.5553393363952637
1.5139756202697754
1.4981108903884888
1.564439296722412
1.5552904605865479
1.5089809894561768
1.4961955547332764
1.4886648654937744
1.54274582862854
1.521624207496643
1.4675233364105225
1.444031000137329
1.4531879425048828
1.4810523986816406
1.500950813293457
1.551753282546997
1.576629877090454
35.73208236694336
35.6776237487793
35.602115631103516
35.52252960205078
35.42756271362305
35.32596206665039
35.22948455810547
35.124366760253906
35.023193359375
34.923248291015625
34.822513580322266
34.730072021484375
34.653873443603516
34.59333801269531
34.51725387573242
34.466346740722656
34.41131591796875
34.357276916503906
34.304443359375
34.257720947265625
34.204933166503906
34.152462005615234
34.11465835571289
34.086429595947266
34.06887435913086
34.06038284301758
34.047950744628906
34.0614013671875
34.08531188964844
34.103031158447266
34.119571685791016
34.12861633300781
34.13520050048828
34.13495635986328
34.129051208496094
34.12278747558594
34.11913299560547
34.11384582519531
34.10653305053711
34.08757781982422
34.08781051635742
34.08635330200195
34.08816146850586
34.08757400512695
34.0836296081543
34.07944869995117
34.07275390625
34.068851470947266
34.06706237792969
34.07173156738281
34.07114791870117
34.066612243652344
34.061466217041016
34.056880950927734
34.05729675292969
34.05433654785156
34.05432891845703
34.0540771484375
34.053627014160156
34.05302810668945
34.047550201416016
34.04695129394531
34.048404693603516
34.04875946044922
34.051090240478516
34.052162170410156
34.05118179321289
34.06267166137695
34.06385803222656
34.06696701049805
34.067657470703125
34.06869888305664
34.0667610168457
34.06654357910156
34.06684112548828
34.06378936767578
34.06106185913086
34.05835723876953
34.051937103271484
34.04959487915039
34.0487174987793
34.05088424682617
34.053409576416016
34.05489730834961
34.05652618408203
34.05378341674805
34.05360794067383
34.05342483520508
34.05167770385742
34.05000686645508
34.04685592651367
34.044410705566406
34.04680252075195
34.050662994384766
34.053466796875
34.054691314697266
34.05580520629883
34.0562629699707
34.05446243286133
34.05303192138672
34.05031204223633
34.04758834838867
34.046688079833984
34.049747467041016
34.051265716552734
34.05230712890625
34.05360412597656
34.05204772949219
34.05108642578125
34.04974365234375
34.048675537109375
34.04731750488281
34.04715347290039
34.046714782714844
34.04802322387695
34.047515869140625
34.04974365234375
34.04956817626953
34.04874801635742
34.048099517822266
34.04667282104492
34.04520797729492
34.04584884643555
34.04523849487305
34.0453987121582
34.04713821411133
34.048099517822266
34.047950744628906
34.04664611816406
34.04457473754883
34.0450325012207
34.0439338684082
34.04377746582031
34.04360580444336
34.044395446777344
34.04487228393555
34.04648208618164
34.04373550415039
34.0450325012207
34.04346466064453
34.04266357421875
34.04230880737305
34.042152404785156
34.04283142089844
34.042659759521484
34.043148040771484
34.04361343383789
34.043453216552734
34.04201126098633
34.041847229003906
34.041690826416016
33.61095428466797
33.276832580566406
32.941261291503906
32.58300018310547
32.207313537597656
31.8144474029541
31.41041374206543
30.990262985229492
30.55112075805664
30.105098724365234
29.652475357055664
29.197011947631836
28.745697021484375
28.289140701293945
27.845415115356445
27.404354095458984
26.980878829956055
26.568859100341797
26.147525787353516
25.71744155883789
25.272743225097656
24.815654754638672
24.357336044311523
23.896947860717773
23.430438995361328
22.949058532714844
22.47354507446289
21.994964599609375
21.514545440673828
21.03120231628418
20.542360305786133
20.047080993652344
19.55967140197754
19.097475051879883
18.67176055908203
18.301958084106445
17.968210220336914
17.67338752746582
17.41310691833496
17.17559242248535
16.96217918395996
16.774559020996094
16.620933532714844
16.48689079284668
16.360897064208984
16.245332717895508
16.12452507019043
15.994169235229492
15.86901569366455
15.766523361206055
15.704383850097656
15.690299987792969
15.679417610168457
15.663952827453613
15.632901191711426
15.596238136291504
15.555774688720703
15.518465995788574
15.473984718322754
15.414288520812988
15.346571922302246
15.2654390335083
15.183401107788086
15.101890563964844
15.02360725402832
14.952260971069336
14.888710021972656
14.824769973754883
14.756308555603027
14.6821928024292
14.599039077758789
14.510191917419434
14.41540813446045
14.317605018615723
14.218096733093262
14.120657920837402
14.024986267089844
13.924354553222656
13.82374382019043
13.718994140625
13.608175277709961
13.498823165893555
13.388071060180664
13.274951934814453
13.158817291259766
13.047861099243164
12.933435440063477
12.817773818969727
12.698647499084473
12.573970794677734
12.441510200500488
12.331072807312012
12.240880012512207
12.15046215057373
12.068206787109375
11.998069763183594
11.930830001831055
11.864693641662598
11.811245918273926
11.784460067749023
11.73663330078125
11.712666511535645
11.71268367767334
11.719653129577637
11.736050605773926
11.744684219360352
11.752058029174805
11.751041412353516
11.743788719177246
11.725605964660645
11.699044227600098
11.656635284423828
11.601948738098145
11.535211563110352
11.454546928405762
11.366692543029785
11.266098022460938
11.154496192932129
11.032973289489746
10.89867877960205
10.751754760742188
10.596559524536133
10.42757511138916
10.246512413024902
10.050680160522461
9.844522476196289
9.62907600402832
9.40752124786377
9.223565101623535
9.081514358520508
8.959979057312012
8.853331565856934
8.753730773925781
8.650503158569336
8.534910202026367
8.487196922302246
8.468376159667969
8.46485710144043
8.474310874938965
8.494613647460938
8.504337310791016
8.503037452697754
8.490381240844727
8.466633796691895
8.431581497192383
8.384788513183594
8.324499130249023
8.244505882263184
8.146693229675293
8.037542343139648
7.911866664886475
7.775637149810791
7.633492946624756
7.475545883178711
7.308028697967529
7.121196269989014
6.91787576675415
6.69718599319458
6.45433235168457
6.19261360168457
5.918610095977783
5.635700225830078
5.414092063903809
5.318746089935303
5.256535053253174
5.225826740264893
5.279416084289551
5.372447967529297
5.439991474151611
5.482335567474365
5.501579761505127
5.497164726257324
5.4746809005737305
5.431551933288574
5.374310493469238
5.303870677947998
5.2237629890441895
5.135149002075195
5.040320873260498
4.941608428955078
4.849652290344238
4.85312557220459
4.943822383880615
4.981447696685791
4.981823921203613
4.93986177444458
4.868136405944824
4.81744909286499
4.790843486785889
4.789437770843506
4.789852619171143
4.800343990325928
4.79804801940918
4.774129867553711
4.741169452667236
4.710138320922852
4.685099124908447
4.694308757781982
4.702954292297363
4.687043190002441
4.656983852386475
4.644599914550781
4.643829345703125
4.641468048095703
4.639145851135254
4.624361515045166
4.603883266448975
4.587352752685547
4.584084987640381
4.581785202026367
4.572759628295898
4.5572829246521
4.543544292449951
4.531139373779297
4.523824214935303
4.514836311340332
4.503663063049316
4.49137544631958
4.478153228759766
4.465479850769043
4.454685688018799
4.443875312805176
4.432656288146973
4.419798374176025
4.40932559967041
4.399361610412598
4.387749195098877
4.375682830810547
4.362588405609131
4.354175567626953
4.350246906280518
4.346617698669434
4.342947483062744
4.337082862854004
4.33406925201416
4.331427097320557
4.3284010887146
4.324473857879639
4.321026802062988
4.318777561187744
4.316575527191162
4.314272403717041
4.310613632202148
4.307958602905273
4.307284832000732
4.306685447692871
4.304302215576172
4.304792404174805
4.301936626434326
4.302192211151123
4.299485683441162
4.29677677154541
4.293676376342773
4.2935075759887695
4.295507431030273
4.29797887802124
4.296774864196777
4.297072887420654
4.296524524688721
4.294551849365234
4.294580459594727
4.292407035827637
4.291465759277344
4.291810989379883
4.291226387023926
4.292428016662598
4.291388988494873
4.290675163269043
4.289318084716797
4.287834167480469
4.286673545837402
4.285776615142822
4.283639430999756
4.282804012298584
4.283021926879883
4.282920837402344
4.281787395477295
4.278801441192627
4.277690410614014
4.276878356933594
4.277451515197754
4.275994777679443
4.275776386260986
4.274346828460693
4.274847507476807
4.273055553436279
4.2709641456604
4.269049644470215
4.2670135498046875
4.266295433044434
4.264848232269287
4.2629852294921875
4.2607831954956055
4.258561134338379
4.258094310760498
4.255145072937012
4.253182411193848
4.250513076782227
4.247283935546875
4.243882179260254
4.240774154663086
4.237368106842041
4.233968734741211
4.231338977813721
4.227515697479248
4.223509788513184
4.2193732261657715
4.2156081199646
4.211653232574463
4.208865165710449
4.205926418304443
4.203697681427002
4.201315879821777
4.199529647827148
4.198147773742676
4.19649076461792
4.193272113800049
4.19394063949585
4.192275047302246
4.190459728240967
4.19053840637207
4.187772750854492
4.187767028808594
4.185637474060059
4.184620380401611
4.184018611907959
4.18367338180542
4.182214736938477
4.1821746826171875
4.183215141296387
4.182130813598633
4.182058811187744
4.181800365447998
4.182045936584473
4.181818962097168
4.1813764572143555
4.1809587478637695
4.17964506149292
4.179189205169678
4.179023742675781
4.179068088531494
4.178969860076904
4.179476261138916
4.179317474365234
4.179192066192627
4.179498672485352
4.179365634918213
4.179158687591553
4.179140090942383
4.179002285003662
4.178857803344727
4.178710460662842
4.178645133972168
4.178464889526367
4.177022933959961
4.177011489868164
4.17561674118042
4.176479339599609
4.176785945892334
4.176894664764404
4.176746368408203
4.17538595199585
4.175279140472412
4.176374435424805
4.176477909088135
4.175536632537842
4.173227310180664
4.172887802124023
4.172410011291504
4.171641826629639
4.171637535095215
4.170107364654541
4.170153617858887
4.170176982879639
4.169900417327881
4.169811248779297
4.169752597808838
4.170031547546387
4.171252727508545
4.173233985900879
4.173039436340332
4.174509525299072
4.175810813903809
4.175543785095215
4.174689769744873
4.1757988929748535
4.175599575042725
4.175661563873291
4.1731061935424805
4.174704074859619
4.173872947692871
4.173899173736572
4.174594879150391
4.173415184020996
4.17279052734375
4.172791004180908
4.173427581787109
4.173098087310791
4.171449184417725
0.3837509751319885
0.3763641119003296
0.3696887493133545
0.36368703842163086
0.3582776188850403
0.3532736003398895
0.34874770045280457
0.34468013048171997
0.340870201587677
0.3373226821422577
0.33404141664505005
0.33103644847869873
0.3282691240310669
0.32581961154937744
0.32362616062164307
0.3217107653617859
0.32020634412765503
0.3190845549106598
0.3182333707809448
0.3175045847892761
0.31697186827659607
0.3168758153915405
0.3165263831615448
0.316134512424469
0.31566447019577026
0.31517350673675537
0.31471288204193115
0.3142540752887726
0.3138693571090698
0.31362253427505493
0.31356343626976013
0.31361231207847595
0.31370604038238525
0.3137156367301941
0.3136075735092163
0.31342968344688416
0.31327781081199646
0.3131072521209717
0.31293314695358276
0.31286385655403137
0.3128175139427185
0.3128051161766052
0.31279677152633667
0.3127737045288086
0.3127019703388214
0.31262266635894775
0.3125787377357483
0.31247416138648987
0.312417209148407
0.3123861253261566
0.3124195337295532
0.31242918968200684
0.31236547231674194
0.312347412109375
0.31229984760284424
0.3122401833534241
0.3122251331806183
0.3122484087944031
0.3122541606426239
0.3122529685497284
0.31222283840179443
0.3121738135814667
0.31221193075180054
0.3122692406177521
0.3122407793998718
0.31219151616096497
0.31217604875564575
0.3121601641178131
0.31220293045043945
0.3122078478336334
0.31215164065361023
0.3121257424354553
0.31211861968040466
0.3121345341205597
0.31214460730552673
0.31212741136550903
0.3120864927768707
0.312083899974823
0.3121097683906555
0.3121131658554077
0.3120793402194977
0.3120829463005066
0.3120906352996826
0.31209802627563477
0.3121020197868347
0.3121040165424347
0.31211745738983154
0.3121112585067749
0.3121233582496643
0.31211456656455994
0.312095582485199
0.3121073842048645
0.31212031841278076
0.31213271617889404
0.312116414308548
0.31210440397262573
0.3121081292629242
0.31210678815841675
0.3121204972267151
0.312114417552948
