2.094087839126587
2.2456817626953125
2.3952815532684326
2.5538570880889893
2.706448554992676
2.8540542125701904
3.007643222808838
3.1652212142944336
3.322800874710083
3.476388931274414
3.6229968070983887
3.7745912075042725
3.9471302032470703
4.098724126815796
4.244334697723389
4.404906511306763
4.557498216629028
4.722062826156616
4.872654676437378
5.024248361587524
5.18481969833374
5.339405298233032
5.487010955810547
5.642594337463379
5.794189929962158
5.951769113540649
6.102365732192993
6.25595498085022
6.41452956199646
6.56612491607666
6.716722249984741
6.8733038902282715
7.031880855560303
7.182477235794067
7.332076549530029
7.4876604080200195
7.641249418258667
7.795834541320801
7.951418399810791
8.108998537063599
8.26358413696289
8.416175127029419
8.58173418045044
8.755268335342407
8.921823978424072
9.083392143249512
9.237976789474487
9.390568733215332
9.548147201538086
9.703731060028076
10.48364806175232
10.651196479797363
10.815757751464844
10.97433352470398
11.130913496017456
11.285499811172485
11.436096906661987
11.591681957244873
11.747264623641968
11.899857997894287
12.060427904129028
12.209031343460083
12.394533634185791
12.580042123794556
12.773519515991211
12.931098699569702
13.09765362739563
13.255232334136963
13.404830694198608
13.564404487609863
13.723977327346802
13.880559206008911
14.045119047164917
14.203694581985474
14.397176027297974
14.549767971038818
14.708343744277954
14.866920471191406
15.022504568099976
15.20102596282959
15.350627899169922
15.507211923599243
15.658801555633545
15.82535696029663
16.020838022232056
16.17242741584778
16.32402729988098
16.474621295928955
16.633196115493774
16.78678560256958
16.94137191772461
17.09695529937744
17.25054383277893
17.402138471603394
17.661444425582886
17.818025588989258
18.03145456314087
18.188037157058716
18.340627431869507
18.495213985443115
19.279197216033936
19.430792331695557
19.579394102096558
19.740962743759155
19.937437057495117
20.085042238235474
20.241623401641846
20.397207260131836
20.553789615631104
20.740289449691772
20.902854204177856
21.05644464492798
21.207040309906006
21.360630750656128
21.51820969581604
21.668806076049805
21.82040023803711
21.97997260093689
22.143540620803833
22.304107427597046
22.457696676254272
22.607295274734497
22.760883808135986
22.91846227645874
23.076040983200073
23.226638078689575
23.374248266220093
23.528838872909546
23.683416604995728
23.844019889831543
23.993587732315063
24.147176504135132
24.305753469467163
24.455352306365967
24.604951858520508
24.752556324005127
24.916118621826172
25.070706605911255
25.22329831123352
25.3738956451416
25.551420211791992
25.705008506774902
25.860592126846313
26.01717519760132
26.182732343673706
26.336320638656616
26.496891498565674
26.66843295097351
26.828044652938843
26.98259210586548
27.777657985687256
27.93324089050293
28.083839654922485
28.236429452896118
28.3920476436615
28.541613817214966
28.70517587661743
28.876717567443848
29.031303644180298
29.18190097808838
29.337484121322632
29.48508930206299
29.635687589645386
29.797255516052246
29.955829858779907
30.134353637695312
30.286945581436157
30.43754291534424
30.596117734909058
30.74970817565918
30.905291318893433
31.07184672355652
31.22643208503723
31.386005878448486
31.54557752609253
31.697173595428467
31.85674524307251
32.017316579818726
32.181875705718994
32.344441652297974
32.5219669342041
32.702483892440796
32.8550751209259
33.008665561676025
33.18718647956848
33.352744340896606
33.519298791885376
33.680866956710815
33.83345866203308
33.99203419685364
34.175543546676636
34.34508967399597
34.50366544723511
34.659250020980835
34.81682729721069
34.98138761520386
35.14395189285278
35.32447028160095
35.49601125717163
35.657578229904175
36.478694915771484
36.642258167266846
36.80482220649719
36.968385457992554
37.124967098236084
37.28154683113098
37.43912601470947
37.58673048019409
37.74730181694031
37.899892807006836
38.053483963012695
38.23998284339905
38.39357233047485
38.54117751121521
38.74263834953308
38.89523124694824
39.05879282951355
39.20938992500305
39.359987020492554
39.585383892059326
39.7459557056427
39.94641852378845
40.11097860336304
40.2705512046814
40.43211913108826
40.59069514274597
40.74927091598511
40.908843755722046
41.08337759971619
41.23796343803406
41.416486501693726
41.57306718826294
41.73363733291626
41.90318417549133
42.077717304229736
42.23629546165466
42.404842376708984
42.58934998512268
42.7588951587677
42.91547679901123
43.0700626373291
43.229636430740356
43.38921022415161
43.54977989196777
43.72331500053406
43.90084171295166
44.068392753601074
44.262871980667114
44.424439907073975
44.59099531173706
45.461665630340576
45.6222357749939
45.7967689037323
45.955344438552856
46.1228973865509
46.300421476364136
46.453015089035034
46.62355709075928
46.78612232208252
46.957663774490356
47.10327386856079
47.249881744384766
47.42341756820679
47.59795069694519
47.74954533576965
47.905128955841064
48.0786657333374
48.228264570236206
48.38085627555847
48.533448219299316
48.68404674530029
48.838632106781006
48.988232374191284
49.155784606933594
49.33829617500305
49.51382637023926
49.66242837905884
49.891815423965454
50.041415214538574
50.235894441604614
50.434364557266235
50.58994746208191
50.74353742599487
50.89612817764282
51.09060788154602
51.2761116027832
51.46660256385803
51.62019181251526
51.81168007850647
51.962276220321655
52.12484121322632
52.290398836135864
52.46692633628845
52.67836093902588
52.848904848098755
52.99850416183472
53.18600273132324
53.33959197998047
53.49018907546997
53.694642543792725
54.460594177246094
54.655073165893555
54.80567026138306
55.012117862701416
55.2345244884491
55.39010763168335
55.57959985733032
55.733189821243286
55.88777709007263
56.09422469139099
56.242825984954834
56.414366722106934
56.5589804649353
56.70858025550842
56.89109182357788
57.043684244155884
57.21821689605713
57.36881470680237
57.515422105789185
57.670008182525635
57.820605754852295
58.01408910751343
58.17166590690613
58.32625341415405
58.47385787963867
58.631436586380005
58.781036376953125
59.00842785835266
59.161019802093506
59.339542388916016
59.49911665916443
59.64672064781189
59.796321868896484
59.954896211624146
60.11646389961243
60.26606369018555
60.43760657310486
60.60017013549805
60.76871919631958
60.91532778739929
61.06791877746582
61.220510721206665
61.369112968444824
61.52369976043701
61.67728924751282
61.847832679748535
62.00142240524292
62.15002417564392
62.30859994888306
62.46119165420532
63.29496192932129
63.47149062156677
63.64103603363037
63.791632890701294
63.974146127700806
64.12274837493896
64.27633690834045
64.42892861366272
64.58351492881775
64.7530620098114
64.93357825279236
65.0851743221283
65.2397608757019
65.38736486434937
65.55790877342224
65.72546100616455
65.88503336906433
66.06056356430054
66.21315574645996
66.36275672912598
66.51435041427612
66.67691469192505
66.83150339126587
66.97910666465759
67.16062140464783
67.31620478630066
67.46779942512512
67.63435506820679
67.81886148452759
67.98940396308899
68.16094541549683
68.35941457748413
68.51499962806702
68.66459798812866
68.85508823394775
69.00269436836243
69.16326427459717
69.33979344367981
69.52828788757324
69.71179747581482
69.88832497596741
70.07283115386963
70.2613275051117
70.44084644317627
70.60640454292297
70.78991389274597
70.97342252731323
71.13698434829712
71.31849932670593
71.5109851360321
72.47640180587769
72.64993810653687
72.81749057769775
73.01795434951782
73.18251323699951
73.38596963882446
73.54653882980347
73.73802733421326
73.88862419128418
74.03523182868958
74.23370122909546
74.38629269599915
74.5538444519043
74.70344591140747
74.8749852180481
75.02259063720703
75.17219018936157
75.3267776966095
75.47837138175964
75.63096308708191
75.7865469455719
75.95709085464478
76.1066906452179
76.25429558753967
76.3979115486145
76.58940005302429
76.7619378566742
76.91552782058716
77.07510018348694
77.22569704055786
77.39225220680237
77.58872675895691
77.76625204086304
77.9487636089325
78.1452386379242
78.29982447624207
78.4504222869873
78.60999464988708
78.76657557487488
78.92216086387634
79.08273029327393
79.23631882667542
79.39589214324951
79.5494818687439
79.70107674598694
79.87261724472046
80.04216504096985
80.20772051811218
80.36529874801636
80.51888823509216
81.36462593078613
81.53317475318909
81.70371913909912
81.86628413200378
82.02087020874023
82.19041800498962
82.35198450088501
82.50358057022095
82.65317988395691
82.81075739860535
82.96135640144348
83.12591409683228
83.28249621391296
83.43708181381226
83.60962104797363
83.79013848304749
83.96965742111206
84.12025451660156
84.27683568000793
84.43241930007935
84.58401441574097
84.76054167747498
84.90914463996887
85.06273341178894
85.23826456069946
85.40481901168823
85.55940532684326
85.73792719841003
85.88852453231812
86.04311108589172
86.20866823196411
86.36125993728638
86.53479647636414
86.69935655593872
86.85693407058716
87.00453972816467
87.15912628173828
87.32169103622437
87.49323177337646
87.64382910728455
87.82135438919067
88.0038697719574
88.16443681716919
88.32301354408264
88.5344467163086
88.6880362033844
88.84760904312134
89.00518822669983
89.16875123977661
89.31934785842896
90.80441784858704
91.6371898651123
92.54675650596619
93.42441058158875
94.30904483795166
95.19367575645447
96.10723352432251
96.9938611984253
97.86054301261902
98.79903197288513
99.65972924232483
100.55633234977722
101.39508771896362
102.2148962020874
102.9997947216034
103.8116238117218
104.66533994674683
105.56293869018555
106.3907253742218
107.22848510742188
108.02535271644592
108.83618378639221
109.60911631584167
110.41196751594543
111.26169514656067
112.1104257106781
113.00702810287476
113.88667297363281
114.73241257667542
115.60906553268433
116.48073387145996
117.33345293998718
118.1971435546875
119.0339047908783
119.88063955307007
120.71940040588379
121.56114482879639
122.35202956199646
123.15587902069092
124.00361037254333
124.8493480682373
125.68611240386963
126.57872176170349
127.43842220306396
128.28316235542297
129.15782260894775
129.9995710849762
130.8592712879181
131.70500898361206
132.52780985832214
133.97701239585876
134.81078243255615
135.71935081481934
136.58304047584534
137.50856471061707
138.33435583114624
139.227965593338
140.1375322341919
141.00720620155334
141.88186621665955
142.76450514793396
143.61124086380005
144.41010403633118
145.27778315544128
146.13648581504822
146.93634629249573
147.9087450504303
148.75647711753845
149.54536700248718
150.30533385276794
151.30964708328247
152.17732620239258
153.09985876083374
153.95357584953308
154.78834176063538
155.66200637817383
156.53068232536316
157.37442445755005
158.2690315246582
159.06789541244507
159.92161107063293
160.74141907691956
161.5781807899475
162.4388771057129
163.30755352973938
164.127361536026
164.98307275772095
165.87169408798218
166.80818915367126
167.6888337135315
168.56548881530762
169.38130617141724
170.17717695236206
170.97803473472595
171.75296187400818
172.5657877922058
173.537189245224
174.3510136604309
175.22268056869507
176.04747486114502
177.47188758850098
178.2637689113617
179.09454798698425
179.9372935295105
180.73815155029297
181.57989859580994
182.38374876976013
183.2314805984497
184.15600895881653
185.01870012283325
185.9372432231903
186.81389927864075
187.64567279815674
188.57319331169128
189.46281385421753
190.3424596786499
191.21312999725342
192.0728313922882
192.95447373390198
193.8301293849945
194.6878354549408
195.5096366405487
196.32944416999817
197.1711928844452
198.04286122322083
198.87762832641602
199.74131774902344
200.5691032409668
201.39888334274292
202.22168254852295
203.09634256362915
203.99992656707764
204.84466576576233
205.6834225654602
206.51021027565002
207.3818793296814
208.27349424362183
209.18804931640625
210.07567358016968
210.94435024261475
211.86388993263245
212.74752569198608
213.55736088752747
214.39212703704834
215.23387622833252
216.0975649356842
216.87249207496643
217.71922779083252
218.54701352119446
219.33689951896667
220.7631390094757
221.6088764667511
222.5344009399414
223.40307688713074
224.21490621566772
225.02573657035828
225.81562399864197
226.6065092086792
227.4412751197815
228.31593561172485
229.1716468334198
230.13207912445068
230.96385407447815
231.83751559257507
232.75506114959717
233.61575841903687
234.4834372997284
235.37704730033875
236.2108178138733
237.05855107307434
237.9421865940094
238.79789638519287
239.64862060546875
240.49635362625122
241.35505652427673
242.2815773487091
243.17419171333313
243.99898409843445
245.0152657032013
245.8889286518097
246.81645369529724
247.6761486530304
248.58870792388916
249.47334003448486
250.31309342384338
251.10497641563416
251.93176412582397
252.7236454486847
253.56040692329407
254.41811275482178
255.2997543811798
256.1833908557892
257.0622570514679
257.9395525455475
258.8516249656677
259.77615213394165
260.63884472846985
261.4706199169159
262.3442826271057
263.1860303878784
264.6157748699188
265.52035665512085
266.3611056804657
267.208838224411
268.0037131309509
268.7846236228943
269.67823362350464
270.51798725128174
271.40661001205444
272.30620288848877
273.27561020851135
274.20412611961365
275.11867928504944
276.01029443740845
276.8949282169342
277.8124737739563
278.7020938396454
279.6685092449188
280.48831582069397
281.3071255683899
282.0840470790863
282.8988678455353
283.7964675426483
284.63422656059265
285.4600167274475
286.2758357524872
287.18440413475037
288.06006145477295
288.8609194755554
289.75852131843567
290.65113258361816
291.5068416595459
292.28476071357727
293.07664227485657
293.8605456352234
294.64943528175354
295.4662516117096
296.24018120765686
297.0400404930115
297.93464732170105
298.81329703330994
299.7029185295105
300.56860280036926
301.34751868247986
302.23713874816895
303.1437132358551
303.94157886505127
304.7224898338318
305.5622453689575
306.44189262390137
307.8663251399994
308.7020893096924
309.57076597213745
310.42248916625977
311.2821888923645
312.21569061279297
313.0394871234894
313.88722038269043
314.7698600292206
315.70535588264465
316.5820109844208
317.52748227119446
318.44801926612854
319.3994755744934
320.30206084251404
321.1667466163635
322.0513815879822
322.9739146232605
323.8844783306122
324.76412558555603
325.6886508464813
326.622154712677
327.49681401252747
328.31761932373047
329.18230509757996
330.0090937614441
330.95855474472046
331.7933223247528
332.63008284568787
333.58153772354126
334.43226313591003
335.24508786201477
336.18657088279724
336.96548557281494
337.7583644390106
338.6220541000366
339.4149332046509
340.25468707084656
341.0665156841278
341.89031314849854
342.7171013355255
343.56483364105225
344.4484691619873
345.3151504993439
346.18781638145447
347.03953742980957
347.87430453300476
348.6701760292053
349.5318715572357
350.3706285953522
351.94042801856995
352.84600615501404
353.72565269470215
354.59033966064453
355.4370744228363
356.3207108974457
357.1644537448883
358.0081968307495
358.85792422294617
359.712637424469
360.55737924575806
361.44101452827454
362.3086941242218
363.117529630661
363.9822165966034
364.83792757987976
365.62482476234436
366.4775424003601
367.2963511943817
368.13810086250305
369.0267233848572
369.96521258354187
370.9356179237366
371.76739263534546
372.67895340919495
373.6084668636322
374.4561994075775
375.26204347610474
376.05592346191406
376.8627624511719
377.65663838386536
378.512348651886
379.38102626800537
380.22476863861084
381.0336046218872
381.8743553161621
382.7011454105377
383.49701619148254
384.3108379840851
385.14560627937317
386.0751190185547
387.0913999080658
387.92317509651184
388.76292872428894
389.71937131881714
390.5172357559204
391.43179154396057
392.2865033149719
393.14520740509033
394.0019152164459
395.42781114578247
396.2536029815674
397.03551292419434
397.89720606803894
398.70504546165466
399.517870426178
400.31074929237366
401.15947937965393
402.07602858543396
402.91677951812744
403.82933735847473
404.70798802375793
405.5617039203644
406.4243965148926
407.30404329299927
408.1358177661896
409.086275100708
410.01179933547974
410.9622583389282
411.85487055778503
412.7584547996521
413.62613129615784
414.4828405380249
415.2866897583008
416.09153747558594
416.8864116668701
417.70621728897095
418.5300135612488
419.35181498527527
420.17960143089294
421.01337146759033
421.809241771698
422.63503336906433
423.45384335517883
424.39532494544983
425.2161285877228
426.0867998600006
426.8667149543762
427.75334095954895
428.62899947166443
429.418888092041
430.27858686447144
431.20809984207153
432.1854853630066
433.04518580436707
433.9138629436493
434.7266881465912
435.5375201702118
436.3463566303253
437.1891014575958
438.56889939308167
439.37673830986023
440.23145174980164
441.0372967720032
441.8311724662781
442.6619508266449
443.5406002998352
444.3953137397766
445.2649884223938
446.10274600982666
446.8856530189514
447.6795279979706
448.51928329467773
449.3181743621826
450.20776653289795
451.0435299873352
451.86233949661255
452.7679178714752
453.67249751091003
454.555136680603
455.3709535598755
456.2236728668213
457.0624289512634
457.9281132221222
458.70004868507385
459.510879278183
460.38055419921875
461.37389731407166
462.2086637020111
463.0015432834625
463.84728026390076
464.6581108570099
465.5218017101288
466.370530128479
467.2023055553436
468.01413321495056
468.80402088165283
469.6008896827698
470.4306707382202
471.25546288490295
472.0513343811035
472.9349715709686
473.7268531322479
474.60350728034973
475.45423126220703
476.27703070640564
477.0699100494385
477.9355938434601
478.7504143714905
479.53631353378296
481.07552456855774
481.9332299232483
482.86573457717896
483.66060876846313
484.5242989063263
485.3810064792633
486.1778745651245
487.00366592407227
487.8264653682709
488.6103684902191
489.49998807907104
490.2769112586975
491.0817584991455
491.8516983985901
492.6365978717804
493.4165120124817
494.18545508384705
495.0022699832916
495.77819561958313
496.5950095653534
497.3918778896332
498.2346239089966
499.11526894569397
499.9969093799591
500.8556125164032
501.788117647171
502.61091804504395
503.547411441803
504.4460084438324
505.2648193836212
506.1973235607147
507.13282084465027
507.9326825141907
508.7155873775482
509.5722951889038
510.43199586868286
511.28072571754456
512.1194822788239
512.988157749176
513.8368892669678
514.6576919555664
515.5363419055939
516.434939622879
517.2617263793945
518.0825316905975
519.0050632953644
519.8218791484833
520.6357007026672
521.4794456958771
522.2673373222351
523.7284152507782
524.6170027256012
525.5495092868805
526.4331457614899
527.328750371933
528.2273464202881
529.1069922447205
529.9208152294159
530.7286562919617
531.5584361553192
532.4131495952606
533.2848167419434
534.2213129997253
535.0820107460022
535.9327347278595
536.88418841362
537.743890285492
538.5916221141815
539.4214029312134
540.2521798610687
541.0660026073456
541.9935209751129
542.7864007949829
543.6261558532715
544.4908425807953
545.319623708725
546.1414260864258
546.9572434425354
547.7900171279907
548.6556997299194
549.4944562911987
550.2823488712311
551.1221022605896
551.8870561122894
552.6739525794983
553.4608466625214
554.2706813812256
555.1174149513245
555.9432060718536
556.7420701980591
557.6177268028259
558.4175870418549
559.2593352794647
560.0881190299988
560.9388427734375
561.7785966396332
562.6412887573242
563.516946554184
564.4534418582916
565.2862150669098
566.7836747169495
567.5605974197388
568.3295404911041
569.1393752098083
569.9282629489899
570.7321126461029
571.5539138317108
572.4235882759094
573.2822906970978
574.1928572654724
575.011666059494
575.9930408000946
576.8178339004517
577.7712826728821
578.621011018753
579.4338355064392
580.2616212368011
581.0545015335083
581.8523671627045
582.7449798583984
583.5957033634186
584.4394459724426
585.2413005828857
586.2326498031616
587.0494651794434
587.8682749271393
588.7369511127472
589.6046288013458
590.4852728843689
591.4107978343964
592.2395865917206
593.1222195625305
593.9978792667389
594.8924839496613
595.8349640369415
596.769463300705
597.6630730628967
598.4958457946777
599.355545759201
600.1883180141449
601.1627111434937
601.9805247783661
602.777393579483
603.6350977420807
604.497790813446
605.3245797157288
606.1384015083313
606.9322783946991
607.8258872032166
608.65167927742
610.2773599624634
611.0722329616547
611.9159760475159
612.7288019657135
613.6672914028168
614.5798506736755
615.4744577407837
616.3560993671417
617.185879945755
618.008679151535
618.811530828476
619.6393163204193
620.4441657066345
621.3018703460693
622.1904919147491
622.9793832302094
623.8450663089752
624.6489160060883
625.4587502479553
626.2995018959045
627.1033504009247
627.9291410446167
628.7808628082275
629.6684892177582
630.5062482357025
631.3489937782288
632.243602514267
633.1651356220245
633.9649965763092
634.9214367866516
635.7960987091064
636.668762922287
637.5514018535614
638.3801860809326
639.2189412117004
640.0477247238159
640.8874785900116
641.6933228969574
642.4871988296509
643.3030178546906
644.1008834838867
644.8967537879944
645.7155635356903
646.6590406894684
647.4858286380768
648.3096239566803
649.1114792823792
649.9901299476624
650.884735584259
651.6855936050415
653.1127762794495
653.9076497554779
654.689558506012
655.4884207248688
656.3092255592346
657.1040985584259
657.9259004592896
658.7197771072388
659.4976961612701
660.2786071300507
661.1333212852478
661.9232089519501
662.7021245956421
663.5498580932617
664.3527090549469
665.238340139389
666.1080143451691
666.9397888183594
667.7984914779663
668.5744159221649
669.4101803302765
670.3177540302277
671.175458908081
671.9793086051941
672.8001127243042
673.625904083252
674.4566812515259
675.2974336147308
676.1471602916718
676.9759421348572
677.837639093399
678.7412204742432
679.605907201767
680.5344250202179
681.4360136985779
682.2637989521027
683.1234982013702
684.0560047626495
684.9176983833313
685.8113090991974
686.7956748008728
687.6763205528259
688.4781742095947
689.3977153301239
690.2524280548096
691.0492973327637
691.8411784172058
692.6749482154846
693.4987442493439
694.3095753192902
695.4966626167297
695.549521446228
695.6013524532318
695.6502561569214
695.6761565208435
695.7020864486694
695.7280168533325
695.7539479732513
695.778909444809
695.8058407306671
695.8307688236237
695.8567035198212
695.8836009502411
695.9095282554626
695.9364595413208
695.9634132385254
695.9893524646759
696.0142872333527
696.0402104854584
696.0671060085297
696.0920712947845
696.1189670562744
696.1439046859741
696.1698360443115
696.1957664489746
696.2217237949371
696.2476272583008
696.2735595703125
696.2995164394379
696.3254191875458
696.3513498306274
696.3772802352905
696.4032111167908
696.4291367530823
696.4560973644257
696.4819965362549
696.5079317092896
696.5338575839996
696.5587949752808
696.5857226848602
696.6106863021851
696.6375801563263
696.6635158061981
696.6884481906891
696.7143785953522
696.7403354644775
696.7662515640259
696.7911732196808
696.817099571228
696.8430347442627
697.5852384567261
697.6112010478973
697.6371002197266
697.6630628108978
697.68896484375
697.7158930301666
697.741822719574
697.7667849063873
697.7927150726318
697.8186182975769
697.8455419540405
697.8715023994446
697.897433757782
697.9243319034576
697.9513039588928
697.9771938323975
698.0041246414185
698.0300481319427
698.055985212326
698.0829076766968
698.108868598938
698.1357696056366
698.1616969108582
698.1876595020294
698.2125904560089
698.2385234832764
698.2644529342651
698.2903854846954
698.3163149356842
698.3422472476959
698.3691420555115
698.3961019515991
698.422040939331
698.4489698410034
698.4748921394348
698.5028293132782
698.5277519226074
698.5536530017853
698.58061003685
698.605541229248
698.6324410438538
698.6574082374573
698.6833002567291
698.7092642784119
698.735194683075
698.76109790802
698.7870583534241
698.8139507770538
698.840913772583
698.8658463954926
