15.414137840270996
14.562882423400879
13.985239028930664
13.443975448608398
12.902708053588867
12.361444473266602
11.820178031921387
11.278910636901855
10.73764705657959
10.196383476257324
9.655116081237793
9.113849639892578
8.572586059570312
8.031322479248047
7.490055084228516
6.948788642883301
6.407524585723877
5.866261005401611
5.324994087219238
4.783727169036865
4.2424635887146
3.701199531555176
3.983466386795044
3.839416742324829
3.3871545791625977
2.704988479614258
2.051213264465332
1.8656895160675049
1.642625093460083
1.3861701488494873
1.125192642211914
1.099909782409668
0.7448852062225342
0.6064459681510925
1.0685219764709473
1.2191877365112305
1.1622309684753418
1.2042655944824219
1.186884880065918
1.1162445545196533
0.9978339076042175
0.8874371647834778
0.8875399827957153
0.7200688123703003
0.6417408585548401
0.5167126655578613
0.43929219245910645
0.554734468460083
0.6843417882919312
0.7464706897735596
0.747951865196228
0.7002457976341248
0.5928337574005127
0.6351873278617859
0.6612420082092285
0.4245832562446594
0.7392078638076782
0.8965581655502319
0.7870599627494812
0.5100235342979431
0.5614116787910461
0.6874978542327881
0.599968433380127
0.41907280683517456
0.46548992395401
0.42780786752700806
0.3884032368659973
0.37138015031814575
0.4197254776954651
0.46484917402267456
0.46795904636383057
0.4693225026130676
0.4411160945892334
0.44587254524230957
0.3833353519439697
0.5998089909553528
0.6276771426200867
0.4326269030570984
0.504542887210846
0.4905015230178833
0.4432991147041321
0.4322528839111328
0.49622803926467896
0.48351138830184937
0.44367313385009766
0.43222904205322266
0.4915699362754822
0.4795864224433899
0.44242143630981445
0.4309043288230896
0.48876404762268066
0.47720521688461304
0.4405990242958069
0.4291549324989319
0.48689544200897217
0.4803106188774109
0.42631030082702637
0.40061473846435547
0.4145488142967224
0.5538702011108398
0.4817590117454529
0.45475661754608154
0.45331716537475586
0.45981407165527344
0.46025365591049194
0.4552394151687622
0.4453107714653015
0.43095648288726807
0.4126310348510742
0.3907233476638794
0.3664076328277588
0.3643736243247986
0.3820344805717468
0.39445310831069946
0.4002183675765991
0.399993360042572
0.39437711238861084
0.383913516998291
0.39636194705963135
0.3947317600250244
0.3721281886100769
0.3689974546432495
0.385013222694397
0.37839412689208984
0.35748183727264404
0.3670409321784973
0.36302804946899414
0.36117732524871826
0.3623291850090027
0.36143362522125244
0.3694400191307068
0.35980045795440674
0.36927610635757446
0.3750041127204895
0.35964250564575195
0.3743797540664673
0.38470178842544556
0.37361085414886475
0.36500245332717896
0.3783181309700012
0.3776565194129944
0.3582417964935303
0.36720186471939087
0.368712842464447
0.3590911626815796
0.37234872579574585
0.37227123975753784
0.3592684864997864
0.36060214042663574
0.353221595287323
34.03800582885742
33.43440628051758
32.61342239379883
31.660390853881836
30.615365982055664
29.498687744140625
28.32792854309082
27.116586685180664
25.874361038208008
24.60945701599121
23.333093643188477
22.047956466674805
20.757652282714844
19.464391708374023
18.207504272460938
17.19368553161621
16.381019592285156
15.669955253601074
14.997117042541504
14.34494686126709
13.698883056640625
13.05056381225586
12.402313232421875
11.758476257324219
11.105267524719238
10.438232421875
9.771793365478516
9.112621307373047
8.50779914855957
8.002480506896973
7.5603814125061035
7.13529109954834
6.715215682983398
6.304694175720215
5.903266429901123
5.4959330558776855
5.078829765319824
4.67429256439209
4.303401470184326
3.9603023529052734
3.632680892944336
3.317614793777466
3.0201544761657715
2.746683120727539
2.493191719055176
2.2550203800201416
2.044968366622925
1.8651572465896606
1.7287518978118896
1.6641544103622437
1.652195692062378
1.6414597034454346
1.619199275970459
1.5903319120407104
1.5539782047271729
1.5084532499313354
1.4616276025772095
1.4169524908065796
1.367164134979248
1.3058578968048096
1.2379531860351562
1.1698366403579712
1.114046335220337
1.0833299160003662
1.0801242589950562
1.0900294780731201
1.0985685586929321
1.1001654863357544
1.0881171226501465
1.0655531883239746
1.0361371040344238
1.0064697265625
0.9831780791282654
0.9647221565246582
0.9529352188110352
0.9437097907066345
0.932164192199707
0.921778678894043
0.9113468527793884
0.9012311697006226
0.8947389125823975
0.8952608108520508
0.8969302773475647
0.8977416753768921
0.8959149122238159
0.8937610983848572
0.8891489505767822
0.8823110461235046
0.8754267692565918
0.8700711131095886
0.8666306734085083
0.8678252696990967
0.8688604235649109
0.8695457577705383
0.8689790964126587
0.8679718375205994
0.8650197386741638
0.862022876739502
0.8610266447067261
0.8606884479522705
0.8593835830688477
0.8594565391540527
0.8599467873573303
0.8593094348907471
0.8568331003189087
0.8545260429382324
0.8565723896026611
0.8577799797058105
0.8573275804519653
0.8550928235054016
0.8544062972068787
0.8569677472114563
0.8564594984054565
0.8531631231307983
0.8528663516044617
0.8547273874282837
0.8548011779785156
0.8531935214996338
0.8513972163200378
0.8520317077636719
0.8522815704345703
0.8510152101516724
0.8506016731262207
0.8509184122085571
0.849574863910675
0.8518564701080322
0.8520035147666931
0.849300742149353
0.8515044450759888
0.8531688451766968
0.8530536890029907
0.851357638835907
0.8494324684143066
0.8503261804580688
0.8504492044448853
0.8502029180526733
0.848321259021759
0.850275993347168
0.8512107133865356
0.8504581451416016
0.8482216000556946
0.8492121696472168
0.8489280343055725
0.847623348236084
0.8478480577468872
0.8478409051895142
0.8479956388473511
0.8475180864334106
0.8477553129196167
0.8473342657089233
0.8474419116973877
0.8473469018936157
0.8469780087471008
0.8465688824653625
0.8463674783706665
0.846585750579834
0.8466188907623291
0.8465006351470947
0.8462290167808533
0.8462727069854736
0.846342921257019
0.8463760614395142
0.8462464809417725
0.8460959792137146
0.8458957076072693
0.8459588885307312
0.8460202217102051
0.8459199070930481
0.8457633256912231
0.8458350896835327
0.8457810878753662
0.8456004858016968
0.8456734418869019
0.8456207513809204
0.8454402089118958
0.8454575538635254
0.845410943031311
0.8453680276870728
0.8452852368354797
0.8452576398849487
0.8452118635177612
0.8451441526412964
0.8451368808746338
0.8451319336891174
0.8450658917427063
0.8451100587844849
0.8450087308883667
0.8449368476867676
0.8448981046676636
0.844856858253479
0.8448938131332397
0.8447707891464233
0.8447749614715576
0.8447821736335754
0.8447201251983643
0.8447046875953674
0.8446675539016724
0.844612717628479
0.8445621132850647
0.8445448875427246
0.8445024490356445
0.844452977180481
0.8444938659667969
0.8444721698760986
0.8443093299865723
0.8444468379020691
0.8443303108215332
0.8442384004592896
0.844397783279419
0.8443933129310608
0.8442369699478149
0.844167947769165
0.8443480730056763
0.8442339897155762
0.8440014123916626
0.8440470695495605
0.8439345359802246
0.8440250158309937
0.8440017700195312
0.8439284563064575
0.8438035845756531
0.843757152557373
0.8437937498092651
0.843774139881134
0.8436824083328247
0.8436706066131592
0.843612551689148
0.8435856699943542
0.8435189723968506
0.8434714078903198
0.8435484170913696
0.8435026407241821
0.8434065580368042
0.8433378338813782
0.8434224724769592
0.8433540463447571
0.8433214426040649
0.8432467579841614
0.8432255983352661
0.8431427478790283
0.8433245420455933
0.8432523012161255
0.8430935144424438
0.8431097865104675
0.8430511951446533
0.8430284261703491
0.8429648876190186
0.8429442048072815
0.8428828716278076
0.8428770303726196
0.8428717851638794
0.8428678512573242
0.8428504467010498
0.8428065776824951
0.842920184135437
0.8428897857666016
0.8428616523742676
0.8428873419761658
0.8428757190704346
0.8428571224212646
0.8428955078125
0.8427797555923462
0.8430348634719849
0.8430577516555786
0.842824399471283
0.8428938388824463
0.8429540395736694
0.8428592085838318
0.842836320400238
0.8430110216140747
0.8429034948348999
0.8428323864936829
0.8429198861122131
0.8428517580032349
0.8428362607955933
0.8428767323493958
0.8429059982299805
0.8427531719207764
0.8429346084594727
0.8430032134056091
0.8429113626480103
0.8427497148513794
0.8430103063583374
0.8430027365684509
0.8427622318267822
0.8428478240966797
0.8429180383682251
0.8428307175636292
0.8428120613098145
0.8428686261177063
0.8428781032562256
0.8427624702453613
0.8428372144699097
0.8428961038589478
0.8427962064743042
0.8427497148513794
0.8427618741989136
0.842727541923523
0.8427402973175049
0.8426942825317383
0.8427060842514038
0.842656672000885
0.8427183032035828
0.8427428007125854
0.8427245616912842
0.8427754044532776
0.8426251411437988
0.8427954912185669
0.8428051471710205
0.8426657915115356
0.842802882194519
0.8428499102592468
0.8428359031677246
0.842764139175415
0.8426647782325745
0.8426773548126221
0.842650830745697
0.8426884412765503
0.8426501750946045
0.8426382541656494
0.8427160978317261
0.8426397442817688
0.8425851464271545
0.8426202535629272
0.8426151275634766
0.8427426218986511
0.8427209854125977
0.8426757454872131
0.842707633972168
0.8426730632781982
0.8425867557525635
0.8427335023880005
0.8427287340164185
0.8426676392555237
0.8427517414093018
0.8426804542541504
0.842682957649231
0.8427462577819824
0.8426554203033447
0.8426246643066406
0.8426133394241333
0.8425889611244202
0.8426042199134827
0.8426604270935059
0.8426897525787354
0.8426585793495178
0.8425949215888977
0.8425635099411011
0.842589795589447
0.842530369758606
143.0646514892578
137.3912811279297
131.9110107421875
126.78742980957031
121.54051208496094
116.23221588134766
111.00837707519531
105.90442657470703
100.74063873291016
95.52811431884766
90.86991882324219
86.67628479003906
82.82621002197266
78.9129638671875
74.82878112792969
71.15179443359375
67.84202575683594
65.1643295288086
62.964996337890625
60.43274688720703
57.96577835083008
56.173526763916016
54.35896682739258
52.34612274169922
50.16648864746094
48.07669448852539
45.9410400390625
44.08369827270508
41.95772933959961
39.92818832397461
37.77753448486328
35.97746276855469
34.74883270263672
33.41619873046875
32.04665756225586
30.580381393432617
29.077743530273438
27.430797576904297
25.889385223388672
24.368858337402344
22.75392723083496
21.31446647644043
20.544958114624023
19.580110549926758
18.343034744262695
17.5131893157959
16.61808204650879
15.517244338989258
14.573074340820312
13.629386901855469
12.441704750061035
10.852266311645508
9.65261459350586
8.664569854736328
7.77962589263916
6.989025115966797
6.289824485778809
5.8263959884643555
5.7177839279174805
5.958470344543457
6.158810138702393
6.104666709899902
6.07748556137085
6.083235263824463
6.043760299682617
6.148716926574707
5.988329887390137
5.711863994598389
5.313620090484619
5.027621269226074
5.193356037139893
5.146761894226074
4.991567134857178
4.902956485748291
4.649700164794922
4.337818145751953
4.129992485046387
4.190332889556885
4.096705913543701
3.9270083904266357
3.7973947525024414
3.6429553031921387
3.595583200454712
3.638329267501831
3.471940279006958
3.1809420585632324
3.1431329250335693
3.066798686981201
3.0504841804504395
2.981032371520996
2.9435982704162598
2.8909692764282227
2.747694969177246
2.5248425006866455
2.4930453300476074
2.669278144836426
2.621206283569336
2.4620537757873535
2.4254140853881836
2.4779961109161377
2.4011330604553223
2.50681471824646
2.4394454956054688
2.3798344135284424
2.249521493911743
2.2572755813598633
2.200986385345459
2.2580597400665283
2.200767755508423
2.147397756576538
2.219768524169922
2.2780673503875732
2.158937454223633
2.0736258029937744
2.0602915287017822
2.129721164703369
2.173926591873169
2.0566141605377197
1.9364795684814453
2.0253565311431885
2.027369737625122
1.890312910079956
1.9294865131378174
1.974590539932251
1.859460473060608
1.9631123542785645
1.9705657958984375
1.8593330383300781
1.9507215023040771
1.9048823118209839
1.9035799503326416
1.899472951889038
2.115523338317871
2.1307740211486816
2.0041966438293457
1.8139625787734985
1.8123751878738403
1.989131212234497
1.9572651386260986
1.8098292350769043
1.886372685432434
1.970558762550354
1.8323091268539429
1.8002839088439941
1.8887720108032227
1.9282598495483398
1.9399752616882324
1.8738682270050049
1.7901431322097778
1.8688795566558838
19.718488693237305
19.641841888427734
19.550458908081055
19.436002731323242
19.306386947631836
19.175277709960938
19.050655364990234
18.92641258239746
18.84203338623047
18.76997184753418
18.71063995361328
18.660194396972656
18.601428985595703
18.546314239501953
18.4894962310791
18.423355102539062
18.352581024169922
18.27686309814453
18.199359893798828
18.121807098388672
18.051044464111328
17.982643127441406
17.917268753051758
17.86448097229004
17.823955535888672
17.78493309020996
17.764488220214844
17.762954711914062
17.76136589050293
17.750995635986328
17.732370376586914
17.72000503540039
17.721805572509766
17.721670150756836
17.72237205505371
17.722408294677734
17.724746704101562
17.7293758392334
17.73236846923828
17.733577728271484
17.729045867919922
17.723670959472656
17.718496322631836
17.712270736694336
17.70737648010254
17.699016571044922
17.692964553833008
17.69099998474121
17.686983108520508
17.686532974243164
17.68596076965332
17.687732696533203
17.689102172851562
17.686933517456055
17.68648910522461
17.686016082763672
17.686800003051758
17.68499755859375
17.683948516845703
17.67915153503418
17.675392150878906
17.67230987548828
17.66980743408203
17.665538787841797
17.66492462158203
17.666181564331055
17.664936065673828
17.66567611694336
17.663551330566406
17.662975311279297
17.663393020629883
17.662485122680664
17.662132263183594
17.661176681518555
17.660329818725586
17.660322189331055
17.65960693359375
17.656869888305664
17.656667709350586
17.65534782409668
17.654848098754883
17.653894424438477
17.65317153930664
17.653268814086914
17.653169631958008
17.654617309570312
17.654592514038086
17.654516220092773
17.65461540222168
17.654016494750977
17.654531478881836
17.655500411987305
17.65473747253418
17.653697967529297
17.652536392211914
17.65143585205078
17.65085220336914
17.649967193603516
17.651439666748047
17.651121139526367
17.650590896606445
17.650325775146484
17.649927139282227
17.648569107055664
17.647987365722656
17.648035049438477
17.64763832092285
17.64786148071289
17.64760971069336
17.648012161254883
17.64737319946289
17.646888732910156
17.64607810974121
17.64568328857422
17.644214630126953
17.64381217956543
17.64373779296875
17.643413543701172
17.643028259277344
17.64309310913086
17.64320945739746
17.643383026123047
17.6429386138916
17.64141082763672
17.641077041625977
17.640689849853516
17.640239715576172
17.64051628112793
17.639631271362305
17.639244079589844
17.638935089111328
17.63926124572754
17.63817596435547
17.63834571838379
17.637563705444336
17.63718032836914
17.637508392333984
17.63712501525879
17.636144638061523
17.635684967041016
17.6353759765625
17.634841918945312
17.634464263916016
17.63468360900879
17.634292602539062
17.63332176208496
17.63333511352539
17.63256072998047
17.632177352905273
17.631698608398438
17.632030487060547
16.7916202545166
16.00663185119629
15.28713321685791
14.635299682617188
14.021650314331055
13.454708099365234
12.879161834716797
12.321551322937012
11.770082473754883
11.21605110168457
10.696333885192871
10.239736557006836
9.821497917175293
9.442609786987305
9.107994079589844
8.81154727935791
8.545135498046875
8.295207023620605
8.059146881103516
7.8709306716918945
7.740730285644531
7.643637180328369
7.550304889678955
7.454420566558838
7.3666791915893555
7.285829544067383
7.197609901428223
7.10601806640625
7.016013145446777
6.921981334686279
6.8253912925720215
6.725133895874023
6.626474857330322
6.5256876945495605
6.424792289733887
6.326775550842285
6.234566688537598
6.15297269821167
6.077727317810059
6.00862455368042
5.94773006439209
5.8938164710998535
5.844623565673828
5.801241397857666
5.7622504234313965
5.731921195983887
5.711859703063965
5.6962571144104
5.6829328536987305
5.666433811187744
5.647136688232422
5.625605583190918
5.602011203765869
5.577231407165527
5.553215503692627
5.528193950653076
5.502091407775879
5.478370666503906
5.455476760864258
5.438048839569092
5.419658184051514
5.40301513671875
5.384578704833984
5.367445468902588
5.349656581878662
5.330732345581055
5.31019401550293
5.291232109069824
5.272042751312256
5.253683090209961
5.2367634773254395
5.2194695472717285
5.204171180725098
5.187381744384766
5.169707775115967
5.151594161987305
5.134390830993652
5.116610527038574
5.097667217254639
5.078500747680664
5.058631420135498
5.038287162780762
5.017616271972656
4.997904300689697
4.978453636169434
4.958411693572998
4.937809467315674
4.915507793426514
4.893228530883789
4.869472026824951
4.846099376678467
4.822113990783691
4.797661304473877
4.7735161781311035
4.749009609222412
4.7243757247924805
4.7006001472473145
4.677799224853516
4.656412124633789
4.636033058166504
4.612683296203613
4.598224639892578
4.5939507484436035
4.595083236694336
4.5980095863342285
4.602327346801758
4.607399940490723
4.6112871170043945
4.615340709686279
4.616853713989258
4.6171746253967285
4.618249416351318
4.616875648498535
4.6148457527160645
4.611878871917725
4.608132839202881
4.604568958282471
4.60029935836792
4.596548557281494
4.592035293579102
4.588987827301025
4.585453033447266
4.582372665405273
4.580384254455566
4.579395771026611
4.578509330749512
4.577332496643066
4.57692813873291
4.576816558837891
4.577689170837402
4.578644275665283
4.57943868637085
4.579608917236328
4.579254627227783
4.578524112701416
4.577153205871582
4.576112270355225
4.574430465698242
4.5729217529296875
4.571554183959961
4.5702314376831055
4.5712995529174805
4.570807456970215
4.571128845214844
4.571157932281494
4.571202278137207
4.570470333099365
4.5706634521484375
4.570153713226318
4.568750858306885
4.567821979522705
4.567509651184082
4.567282676696777
4.567050933837891
4.56771993637085
4.567846775054932
4.566534996032715
4.566708564758301
4.566539764404297
4.56640625
4.56840705871582
4.5686187744140625
4.567346572875977
4.567416191101074
4.568089485168457
4.567911148071289
4.56785249710083
4.56789493560791
4.567532539367676
4.567124843597412
4.567097187042236
4.567256450653076
4.567164421081543
4.5670647621154785
4.567173480987549
4.567288875579834
4.567255020141602
4.567026615142822
4.567131042480469
4.56755256652832
4.567195892333984
4.566871643066406
4.566991329193115
4.566336154937744
4.566194534301758
4.566150665283203
4.5660481452941895
4.566322326660156
4.566488265991211
4.5661702156066895
4.566033840179443
4.565792560577393
4.565746307373047
4.565474033355713
4.565463066101074
4.565652370452881
4.565684795379639
4.565539360046387
4.565309524536133
4.56524133682251
4.565138339996338
4.564896583557129
4.564797401428223
4.564836025238037
4.5647873878479
4.564763069152832
4.564453125
4.564554214477539
4.564615726470947
4.56455135345459
4.564387321472168
4.5646867752075195
4.564728260040283
4.564580917358398
4.564512252807617
4.564154148101807
4.564242839813232
4.564189434051514
4.564092636108398
4.564064979553223
4.564064025878906
4.564190864562988
4.564435958862305
4.564054489135742
4.564053535461426
4.564131259918213
4.5640106201171875
4.563916206359863
4.563872814178467
4.563704013824463
4.564910411834717
4.564971923828125
4.565263271331787
4.565255641937256
4.5647382736206055
4.565766334533691
4.566417217254639
4.566373825073242
4.566346645355225
4.566454887390137
4.56639289855957
4.5664567947387695
4.566427230834961
4.566173076629639
4.565962314605713
4.565565586090088
4.565306186676025
4.565234184265137
4.5656938552856445
4.565699100494385
4.5654425621032715
4.5654616355896
4.566421031951904
4.566420078277588
4.5665740966796875
4.566662788391113
4.567314147949219
4.566749572753906
4.566767692565918
4.566713333129883
4.566719055175781
4.5670552253723145
4.5675048828125
4.567934513092041
4.567788124084473
4.567737102508545
4.567220687866211
4.567719459533691
4.567668437957764
4.567782878875732
4.5672221183776855
4.567968368530273
4.568140983581543
4.568524360656738
4.568697929382324
4.5693254470825195
4.568615436553955
4.568913459777832
4.569202423095703
4.568647384643555
4.569262981414795
4.568690776824951
4.5686564445495605
4.568758964538574
4.568744659423828
4.568686485290527
4.568717956542969
4.5687785148620605
4.569211483001709
4.569118499755859
4.569083213806152
4.568526744842529
4.568489074707031
4.568504333496094
4.568501949310303
4.568517208099365
4.5687127113342285
4.568408489227295
4.568539619445801
4.568443775177002
4.568369388580322
4.568478584289551
4.5684332847595215
4.568813800811768
4.568837642669678
4.569105625152588
4.568719863891602
4.568698406219482
4.568572521209717
4.568460941314697
4.56847620010376
4.569037437438965
4.568990230560303
4.568957328796387
4.568924903869629
4.568907737731934
4.568883895874023
4.568257808685303
4.568132400512695
4.568441867828369
4.5684075355529785
4.568680763244629
4.569272041320801
4.569937229156494
4.5699052810668945
4.569480895996094
4.569339752197266
4.569146156311035
4.569117546081543
4.569172382354736
4.569109916687012
4.5696845054626465
4.569714546203613
4.56920051574707
4.569179534912109
4.569592475891113
4.569080829620361
4.569026947021484
4.569623947143555
4.569520950317383
4.569614887237549
4.568856239318848
4.568650245666504
4.568556308746338
4.568602085113525
4.568691730499268
4.569819927215576
4.569882392883301
4.569760799407959
4.569047451019287
4.568653583526611
4.568845272064209
4.569313049316406
4.569002151489258
4.568540573120117
4.569480895996094
4.569521903991699
4.569116592407227
4.568299293518066
4.5683417320251465
4.56829833984375
4.568222999572754
4.56834602355957
4.568545341491699
4.568990230560303
4.569089889526367
4.568694114685059
4.567811012268066
4.568098068237305
4.568305492401123
4.5680251121521
4.567746162414551
4.568798542022705
4.568599700927734
4.568729400634766
4.5678019523620605
4.567992687225342
4.567931175231934
4.567535400390625
4.567385673522949
4.568117141723633
4.568563461303711
4.569602966308594
4.568984031677246
4.5677266120910645
4.567974090576172
4.568249702453613
4.568065643310547
4.567722797393799
4.56903076171875
4.569021224975586
4.569137096405029
4.567940711975098
4.567850589752197
4.567814350128174
4.567918300628662
4.568088531494141
4.568445682525635
4.569093704223633
0.7483817934989929
0.738875150680542
0.7313048839569092
0.7243435382843018
0.7178340554237366
0.711670994758606
0.7063571810722351
0.7023295164108276
0.6986315846443176
0.6948785185813904
0.6911779642105103
0.6876062154769897
0.6841464638710022
0.6811879873275757
0.6785956621170044
0.6763138771057129
0.6746087074279785
0.6734983325004578
0.6728154420852661
0.6725536584854126
0.6727666854858398
0.6728125810623169
0.6723934412002563
0.6718756556510925
0.6712530255317688
0.6706913709640503
0.6702062487602234
0.6696517467498779
0.6691763401031494
0.6688360571861267
0.6687151193618774
0.6687673330307007
0.6688863039016724
0.6689010858535767
0.6687993407249451
0.6685918569564819
0.6683669090270996
0.6681367754936218
0.6679360866546631
0.6678479909896851
0.6678017377853394
0.6677697896957397
0.6677641868591309
0.6677435636520386
0.6676449179649353
0.6675348877906799
0.6674761772155762
0.6673755645751953
0.667311429977417
0.6672980785369873
0.6673168540000916
0.667304277420044
0.6672402620315552
0.6672105193138123
0.6671442985534668
0.6670968532562256
0.6670932173728943
0.6671116352081299
0.6671065092086792
0.667085587978363
0.6670314073562622
0.6670020818710327
0.6670355796813965
0.6670722365379333
0.6670589447021484
0.6670090556144714
0.6669732332229614
0.6669800877571106
0.6670209169387817
0.6670199036598206
0.6669735312461853
0.6669390201568604
0.666921079158783
0.6669444441795349
0.6669629812240601
0.666947603225708
0.6669270396232605
0.666909396648407
0.6669044494628906
0.6669314503669739
0.6669155359268188
0.6669033765792847
0.6669204235076904
0.666924774646759
0.6668990254402161
0.6669098734855652
0.6669428944587708
0.6669411659240723
0.6669536232948303
0.6669358015060425
0.6669029593467712
0.6669228076934814
0.6669416427612305
0.6669552326202393
0.6669487357139587
0.6669180989265442
0.6669008135795593
0.6669178009033203
0.6669468879699707
0.6669377684593201
