2.224607467651367
2.3632380962371826
2.4998719692230225
2.650468349456787
2.795081853866577
2.948671579360962
3.092287302017212
3.2388954162597656
3.3825104236602783
3.528120517730713
3.666750192642212
3.8073740005493164
3.9489948749542236
4.090616703033447
4.237224578857422
4.392808198928833
4.5404136180877686
4.710957288742065
4.858561754226685
5.013148546218872
5.153772354125977
5.301379203796387
5.451975345611572
5.588608980178833
5.73820948600769
5.8858160972595215
6.037408828735352
6.19399094581604
6.342593193054199
6.519121885299683
6.671711683273315
6.815327405929565
6.972907543182373
7.115524530410767
7.276094913482666
7.41671895980835
7.567316055297852
7.734868288040161
7.891448736190796
8.084931373596191
8.251485824584961
8.424024820327759
8.595565557479858
8.766109228134155
8.919698476791382
9.06331467628479
9.210919380187988
9.376476526260376
9.540038824081421
9.701607465744019
10.570406198501587
10.714022159576416
10.864619493484497
11.018208503723145
11.166811227798462
11.31940221786499
11.461024045944214
11.615610122680664
11.766206979751587
11.924782752990723
12.078372955322266
12.224979639053345
12.383556365966797
12.548115491867065
12.693725824356079
12.858285903930664
12.999906778335571
13.146514654159546
13.298109292984009
13.436739683151245
13.586338758468628
13.766855478286743
13.911469221115112
14.064060688018799
14.220641851425171
14.409137487411499
14.57768702507019
14.768176555633545
14.94670033454895
15.11225700378418
15.281803131103516
15.451349973678589
15.621893167495728
15.788448333740234
15.949018955230713
16.105599880218506
16.25819158554077
16.423748254776
16.634185791015625
16.823678970336914
16.996217250823975
17.151801586151123
17.302398443222046
17.456984758377075
17.612568855285645
17.801064014434814
17.97160768508911
18.12220597267151
18.275794506072998
18.476258754730225
19.414747714996338
19.63515877723694
19.789745330810547
19.959290742874146
20.116870164871216
20.268465280532837
20.417067527770996
20.569658756256104
20.747183084487915
20.903764963150024
21.07430863380432
21.265796899795532
21.42437171936035
21.599902629852295
21.761470317840576
21.929022550582886
22.094578981399536
22.24717116355896
22.412728309631348
22.566317319869995
22.725890159606934
22.89144778251648
23.049025774002075
23.204610109329224
23.358198881149292
23.50779914855957
23.66138768196106
23.814977645874023
23.966571807861328
24.128140449523926
24.303670406341553
24.455265283584595
24.615834712982178
24.77341389656067
24.958917379379272
25.136443376541138
25.29302453994751
25.4456148147583
25.59122633934021
25.737833738327026
25.894415140151978
26.049001455307007
26.196606636047363
26.353187322616577
26.519742250442505
26.668344497680664
26.83290386199951
26.997465133666992
27.160030126571655
27.32059955596924
28.224183559417725
28.386748552322388
28.55230474472046
28.701905250549316
28.885414361953735
29.043989419937134
29.206555604934692
29.362138271331787
29.517722129821777
29.672308921813965
29.822906017303467
29.999434232711792
30.150030851364136
30.30162525177002
30.472169637680054
30.623764038085938
30.779347896575928
30.926952362060547
31.138387441635132
31.284995317459106
31.44257378578186
31.588183641433716
31.74277114868164
31.89635992050171
32.100812673568726
32.26138401031494
32.41297793388367
32.55858850479126
32.7101833820343
32.860780000686646
33.01337194442749
33.1679584980011
33.33351469039917
33.487104415893555
33.647674798965454
33.821211099624634
33.976794719696045
34.125396728515625
34.274996757507324
34.4245970249176
34.59015393257141
34.7457377910614
34.9292471408844
35.08084225654602
35.24639868736267
35.43988037109375
35.59546422958374
35.77398681640625
35.943533420562744
36.09113883972168
36.962807416915894
37.14531993865967
37.306886434555054
37.46147418022156
37.61207032203674
37.7586784362793
37.96612358093262
38.11871600151062
38.268315076828
38.42190456390381
38.5764901638031
38.74005317687988
38.89264512062073
39.04822826385498
39.202815771102905
39.37236166000366
39.52096438407898
39.6685688495636
39.81417965888977
39.96677255630493
40.12634491920471
40.271955728530884
40.42953395843506
40.58013081550598
40.73571491241455
40.88631200790405
41.03890371322632
41.18650937080383
41.33810353279114
41.51064205169678
41.65525531768799
41.802860736846924
41.95345735549927
42.11003804206848
42.25864124298096
42.40425109863281
42.566816329956055
42.71442198753357
42.87299704551697
43.02658772468567
43.18017530441284
43.329777002334595
43.47738027572632
43.64094281196594
43.79453253746033
43.94812202453613
44.091737031936646
44.23834538459778
44.4019079208374
44.55449986457825
45.43254852294922
45.5861382484436
45.73773241043091
45.896307945251465
46.04890060424805
46.21345925331116
46.369043588638306
46.522632122039795
46.68021035194397
46.85773587226868
47.019304513931274
47.16691040992737
47.334460973739624
47.48605561256409
47.647624254226685
47.80121302604675
47.973751068115234
48.128337383270264
48.28790998458862
48.44249749183655
48.602070569992065
48.77560567855835
48.92819881439209
49.077797174453735
49.2423574924469
49.3919575214386
49.550533056259155
49.707114696502686
49.88563656806946
50.075129985809326
50.26262879371643
50.41222786903381
50.62964701652527
50.794206857681274
50.955775022506714
51.10736799240112
51.25497388839722
51.430503606796265
51.63595461845398
51.794530153274536
51.95510125160217
52.12664222717285
52.33408856391907
52.492663621902466
52.67916393280029
52.828763484954834
52.986342668533325
53.13893413543701
53.2835476398468
53.428159952163696
54.3088059425354
54.475359201431274
54.64690017700195
54.797497272491455
54.982003688812256
55.144569635391235
55.32009959220886
55.47568345069885
55.67714476585388
55.82275462150574
55.96936297416687
56.11297821998596
56.300477743148804
56.46703290939331
56.65552759170532
56.82208228111267
57.01057720184326
57.18910050392151
57.351664543151855
57.497275590896606
57.638896465301514
57.85232591629028
58.01688599586487
58.16748356819153
58.316086530685425
58.48263955116272
58.630244731903076
58.77784991264343
58.964351415634155
59.13589310646057
59.28648900985718
59.44307017326355
59.600651264190674
59.77318787574768
59.95669770240784
60.1402063369751
60.30077624320984
60.45735812187195
60.6039662361145
60.75555944442749
60.91313910484314
61.10462784767151
61.276166915893555
61.43075370788574
61.58733677864075
61.74491310119629
61.90049886703491
62.076027631759644
62.23460292816162
62.40016055107117
63.290777921676636
63.475285053253174
63.6398446559906
63.825348138809204
63.97793984413147
64.13252687454224
64.28013157844543
64.43272423744202
64.58830904960632
64.7428936958313
64.92141628265381
65.07001829147339
65.21263694763184
65.35924458503723
65.5108392238617
65.65445590019226
65.81502604484558
65.98656702041626
66.13816237449646
66.29075360298157
66.43935537338257
66.58795809745789
66.73855543136597
66.91807556152344
67.07066822052002
67.21328568458557
67.36188912391663
67.50650095939636
67.64612770080566
67.8017110824585
67.97325229644775
68.13781213760376
68.30336999893188
68.46493768692017
68.6115448474884
68.75216913223267
68.8967821598053
69.05535840988159
69.20296311378479
69.3485734462738
69.49318623542786
69.63481187820435
69.78041887283325
69.93999123573303
70.09956479072571
70.25215649604797
70.45361804962158
70.59922814369202
70.75082349777222
70.89443874359131
71.72557044029236
71.8651967048645
72.01778864860535
72.17038011550903
72.31200098991394
72.45063257217407
72.59823536872864
72.74284934997559
72.89045429229736
73.03805899620056
73.17668867111206
73.33127474784851
73.4878556728363
73.64443826675415
73.81198954582214
73.99749302864075
74.15008521080017
74.29270339012146
74.44030857086182
74.60586595535278
74.7444953918457
74.89808368682861
75.03970456123352
75.18431830406189
75.33092617988586
75.48551821708679
75.64907479286194
75.79069638252258
75.9622368812561
76.11083936691284
76.27041244506836
76.46489238739014
76.62546300888062
76.77406525611877
76.91468977928162
77.05630993843079
77.19892930984497
77.34553813934326
77.49015092849731
77.6397500038147
77.78635716438293
77.92897629737854
78.07558417320251
78.22019815444946
78.36580729484558
78.53136467933655
78.69492745399475
78.83754539489746
78.99113440513611
79.1367449760437
80.0024299621582
80.15302634239197
80.29664278030396
80.4422538280487
80.58487153053284
80.74344801902771
80.8960394859314
81.04264688491821
81.18327045440674
81.33187365531921
81.48346877098083
81.65500926971436
81.79862451553345
81.94623017311096
82.08984613418579
82.24243807792664
82.38405919075012
82.54562616348267
82.70121049880981
82.85081052780151
83.02035665512085
83.1639723777771
83.31457042694092
83.46815943717957
83.63670802116394
83.80425953865051
83.96283555030823
84.13637113571167
84.29694247245789
84.44255232810974
84.61309623718262
84.7876296043396
84.94221615791321
85.10278654098511
85.26435422897339
85.40996432304382
85.55657291412354
85.71514797210693
85.86375045776367
86.01734113693237
86.16893458366394
86.32152652740479
86.4771101474762
86.61773371696472
86.79525923728943
86.94286394119263
87.087477684021
87.22810125350952
87.37071990966797
87.52331161499023
89.13650918006897
90.07898926734924
91.10923218727112
92.13249564170837
93.13394141197205
94.08340120315552
95.00094652175903
96.03917145729065
96.99860310554504
97.99194574356079
98.94240379333496
99.88887166976929
100.79345273971558
101.7678451538086
102.71930146217346
103.68571519851685
104.66908526420593
105.62153649330139
106.61787223815918
107.60722708702087
108.51679372787476
109.45229196548462
110.44563245773315
111.40207409858704
112.3266007900238
113.29800224304199
114.3053092956543
115.2577600479126
116.23414826393127
117.27536368370056
118.28665804862976
119.20819282531738
120.10678887367249
121.11110281944275
122.03363490104675
122.93522429466248
123.82983040809631
124.75236344337463
125.65893721580505
126.61238741874695
127.64063620567322
128.55319547653198
129.64427638053894
130.56780624389648
131.53122901916504
132.57942605018616
133.62064123153687
134.56012797355652
135.50659561157227
136.51789021492004
138.19325590133667
139.1696424484253
140.11710834503174
141.06457567214966
142.05351662635803
142.98701977729797
143.9833540916443
144.99066042900085
146.099693775177
147.0830636024475
148.08937072753906
149.07074666023254
149.98829174041748
150.89785861968994
151.9041678905487
152.92044806480408
153.8838713169098
154.79942202568054
155.69801878929138
156.62154722213745
157.53510403633118
158.49752926826477
159.4719226360321
160.44332432746887
161.3997664451599
162.29636788368225
163.27874064445496
164.23119235038757
165.30831050872803
166.3235945701599
167.25211119651794
168.20256876945496
169.12709641456604
170.11744737625122
171.13372826576233
172.09914565086365
173.04361939430237
174.0100336074829
174.9535105228424
175.896986246109
176.84145975112915
177.7949092388153
178.80520701408386
179.79456114768982
180.75698733329773
181.7603030204773
182.82844591140747
183.85769176483154
184.81612849235535
185.7695779800415
187.43711686134338
188.36563301086426
189.38789916038513
190.40916752815247
191.37059450149536
192.42577266693115
193.38919615745544
194.382572889328
195.35992312431335
196.3383069038391
197.29375100135803
198.2721335887909
199.3163402080536
200.27776956558228
201.3080141544342
202.26744651794434
203.23386073112488
204.17933201789856
205.1058533191681
206.09819912910461
207.127445936203
208.18062829971313
209.18294835090637
210.16731524467468
211.23446083068848
212.2407672405243
213.17626523971558
214.1087703704834
215.05424165725708
215.98974084854126
216.91326928138733
217.8348035812378
218.81717729568481
219.77062582969666
220.66722679138184
221.59175491333008
222.50032329559326
223.4747178554535
224.44312810897827
225.3477077484131
226.3171136379242
227.22668147087097
228.1751434803009
229.16150522232056
230.06010150909424
231.0245225429535
232.02983212471008
232.9643337726593
233.98161149024963
235.00786638259888
236.6760332584381
237.67735481262207
238.6258180141449
239.58924055099487
240.74115920066833
241.74148321151733
242.74081087112427
243.75310277938843
244.78633952140808
245.80760645866394
246.75906133651733
247.73146080970764
248.64003109931946
249.59647154808044
250.55590558052063
251.5582242012024
252.54857468605042
253.49803590774536
254.50135207176208
255.5784707069397
256.5598452091217
257.6299822330475
258.60138392448425
259.63461995124817
260.63993072509766
261.61731696128845
262.59769344329834
263.5840549468994
264.56044340133667
265.56575417518616
266.5062391757965
267.45569944381714
268.422114610672
269.4383952617645
270.43273520469666
271.38119864463806
272.3974800109863
273.3748655319214
274.34526896476746
275.40742778778076
276.4167277812958
277.43001794815063
278.46325635910034
279.58226013183594
280.6055238246918
281.6098370552063
282.6440703868866
283.6643409729004
284.6118063926697
285.5353364944458
287.1420388221741
288.0825226306915
289.00605177879333
289.9565100669861
290.9099588394165
291.9262411594391
293.00036787986755
293.9677793979645
294.9092607498169
295.93451857566833
296.8999364376068
297.9471347332001
298.9185366630554
299.9886739253998
300.9550883769989
301.93147683143616
302.8560039997101
303.9101839065552
304.83969807624817
305.8233411312103
306.7468705177307
307.7162778377533
308.6547667980194
309.55136942863464
310.49384784698486
311.47322702407837
312.40972232818604
313.5177595615387
314.45425367355347
315.37878036499023
316.4868161678314
317.53800415992737
318.6051506996155
319.5984923839569
320.6008138656616
321.6320526599884
322.5765264034271
323.5878221988678
324.58415627479553
325.59345722198486
326.57682609558105
327.63798809051514
328.6083924770355
329.5239427089691
330.4893593788147
331.5066382884979
332.5149426460266
333.46839213371277
334.3709762096405
335.4510886669159
337.19275093078613
338.1282479763031
339.0557668209076
339.9553611278534
340.85994029045105
341.7595338821411
342.7359220981598
343.6275372505188
344.5251362323761
345.5224680900574
346.5038433074951
347.5630097389221
348.47158217430115
349.4689118862152
350.5560038089752
351.5952241420746
352.64342045783997
353.6686780452728
354.5862228870392
355.63840913772583
356.6137993335724
357.61911058425903
358.5406448841095
359.5220205783844
360.44555020332336
361.35112738609314
362.2547104358673
363.1752486228943
364.16160917282104
365.0861358642578
366.1243588924408
367.1067318916321
368.15093755722046
369.18916058540344
370.1416132450104
371.0601558685303
372.09139704704285
373.16751980781555
374.1449053287506
375.25294184684753
376.19242763519287
377.15585017204285
378.1172788143158
379.0607545375824
380.00526452064514
380.99857091903687
381.93307161331177
382.9224259853363
383.9028024673462
385.015825510025
386.73223423957825
387.68668007850647
388.6650629043579
389.61751556396484
390.6347951889038
391.6032032966614
392.54767775535583
393.5001292228699
394.5383517742157
395.56760025024414
396.51406717300415
397.44956493377686
398.4488923549652
399.4003462791443
400.32188296318054
401.2563817501068
402.1839008331299
403.12438464164734
404.0369436740875
404.9594781398773
405.8909840583801
406.8484230041504
407.77494525909424
408.6964793205261
409.6559133529663
410.70809984207153
411.6615483760834
412.58906745910645
413.5365333557129
414.4879877567291
415.39755630493164
416.3639690876007
417.3383626937866
418.24892687797546
419.19140577316284
420.21267437934875
421.2179853916168
422.1694407463074
423.25353956222534
424.21796131134033
425.2132978439331
426.2245924472809
427.20796275138855
428.21925687789917
429.1786904335022
430.10321712493896
431.11850118637085
432.14977765083313
433.04534792900085
434.0277190208435
435.72019362449646
436.7005693912506
437.6320776939392
438.6802740097046
439.68259286880493
440.69488525390625
441.737096786499
442.68057513237
443.7177984714508
444.6602780818939
445.54890060424805
446.5123233795166
447.51930713653564
448.5272831916809
449.4956142902374
450.4749937057495
451.4493877887726
452.3709228038788
453.33035588264465
454.25288915634155
455.18140387535095
456.10692834854126
457.10924792289734
458.15046215057373
459.1049098968506
460.10024762153625
461.09658217430115
462.0440471172333
463.0164461135864
463.9489514827728
464.8844504356384
465.80399084091187
466.80231857299805
467.7288398742676
468.6617991924286
469.6235384941101
470.62784147262573
471.5942554473877
472.5616674423218
473.5480318069458
474.52862334251404
475.5482888221741
476.5705535411835
477.629723072052
478.6021201610565
479.52365493774414
480.56885862350464
481.5113377571106
482.54058384895325
483.62368845939636
485.2204158306122
486.1289858818054
487.0315706729889
487.98402309417725
488.9574189186096
489.94078946113586
490.911194562912
491.879602432251
492.8849136829376
493.8463418483734
494.9025158882141
495.9846215248108
496.9809560775757
497.96731972694397
498.9596631526947
499.92208981513977
500.9533317089081
502.0105028152466
502.9819040298462
504.00317215919495
505.06034445762634
506.0347378253937
507.16272044181824
508.1430985927582
509.1533966064453
510.1317780017853
511.172993183136
512.197253704071
513.2145318984985
514.2158539295197
515.160327911377
516.1446940898895
517.1430251598358
518.2261264324188
519.2104930877686
520.2397403717041
521.2181239128113
522.1625964641571
523.1200349330902
524.1123812198639
525.104727268219
526.0492007732391
527.1063718795776
528.0269100666046
528.9683921337128
529.9288220405579
530.9610602855682
531.9603879451752
532.8649682998657
533.8084442615509
535.5318338871002
536.502238035202
537.508546590805
538.5328071117401
539.4563364982605
540.3609158992767
541.3123712539673
542.2688138484955
543.2611587047577
544.1916692256927
545.1670606136322
546.1434483528137
547.0869240760803
548.13512134552
549.1194870471954
550.1616990566254
551.1221301555634
552.1194624900818
553.0729122161865
554.0273585319519
555.0177109241486
556.0828602313995
557.0482785701752
558.0256631374359
558.985098361969
559.8717262744904
560.7912654876709
561.7985708713531
562.7500262260437
563.7004835605621
564.6289999485016
565.5884330272675
566.5837728977203
567.6489231586456
568.6043658256531
569.5528290271759
570.5960383415222
571.5474939346313
572.4919662475586
573.433447599411
574.4856331348419
575.4859580993652
576.6059627532959
577.5713791847229
578.5437784194946
579.5111899375916
580.4636425971985
581.468953371048
582.4084413051605
583.4057719707489
585.0653462409973
586.1165342330933
587.1118733882904
588.0573439598083
589.0656456947327
590.0390439033508
591.0403635501862
592.0726020336151
593.1068353652954
594.1221213340759
595.0626039505005
596.0020923614502
596.9794781208038
597.9259445667267
598.8863759040833
599.9036552906036
600.9249229431152
601.9461905956268
602.8846802711487
603.8879969120026
604.964117527008
606.0103192329407
607.0056579113007
607.9650912284851
609.0043103694916
610.0086236000061
611.0069532394409
612.0342054367065
613.0175750255585
613.9819951057434
615.0022661685944
616.0245320796967
616.9829676151276
617.9832918643951
618.9586832523346
619.8951778411865
620.8157148361206
621.8240180015564
622.7904345989227
623.7977383136749
624.6933426856995
625.6607556343079
626.6810269355774
627.598571062088
628.6328043937683
629.6022112369537
630.5845835208893
631.5220766067505
632.4864964485168
633.4798390865326
635.2331502437592
636.1786196231842
637.1360595226288
638.0865161418915
639.0489420890808
640.0363006591797
641.0456020832062
642.0967898368835
643.1040964126587
644.1891927719116
645.2174422740936
646.2756106853485
647.4145638942719
648.4418160915375
649.4421410560608
650.4634087085724
651.4467794895172
652.4161856174469
653.414514541626
654.4517395496368
655.419153213501
656.4773223400116
657.4726588726044
658.4560289382935
659.4832806587219
660.4846031665802
661.4550061225891
662.4004781246185
663.3329830169678
664.3323092460632
665.4084320068359
666.3608832359314
667.3023657798767
668.2498300075531
669.1783475875854
670.169694185257
671.130125284195
672.2002627849579
673.1756544113159
674.0732529163361
674.9888033866882
675.9302849769592
676.888721704483
677.8750841617584
678.8584535121918
679.8707458972931
680.9418797492981
682.0030429363251
682.9345490932465
683.8800201416016
685.4887182712555
686.4950246810913
687.4734084606171
688.5505261421204
689.5747864246368
690.6020386219025
691.5834147930145
692.5767571926117
693.6329317092896
694.6332552433014
695.6365728378296
696.6548471450806
697.5664088726044
698.5437965393066
699.5122058391571
700.4367311000824
701.446031332016
702.4573259353638
703.4077835083008
704.3821771144867
705.3535795211792
706.3179986476898
707.3392667770386
708.3266260623932
709.401750087738
710.3891100883484
711.3694860935211
712.3628289699554
713.3581664562225
714.4652049541473
715.5463132858276
716.6593358516693
717.673623085022
718.8085865974426
719.8009324073792
720.8900201320648
721.8634150028229
722.8477818965912
723.8251688480377
724.7836034297943
725.7300717830658
726.6915006637573
727.7137656211853
728.6941442489624
729.621661901474
730.6658687591553
731.6263010501862
732.628618478775
733.6169764995575
734.6701588630676
736.3113446235657
737.2717757225037
738.378814458847
739.388115644455
740.3864440917969
741.3817818164825
742.4529182910919
743.4332938194275
744.3937249183655
745.3651266098022
746.2986290454865
747.2480893135071
748.2324562072754
749.1898949146271
750.1722679138184
751.1546399593353
752.0961210727692
753.1453158855438
754.1476349830627
755.1679039001465
756.1791989803314
757.2214121818542
758.2915494441986
759.3038401603699
760.3251087665558
761.3503658771515
762.3836040496826
763.3190999031067
764.2655692100525
765.2130336761475
766.1874277591705
767.1907432079315
768.1810958385468
769.188399553299
770.1059455871582
771.1312026977539
772.0647070407867
772.9802570343018
773.9476685523987
774.8851606845856
775.8625464439392
776.8209824562073
777.7614667415619
778.747828245163
779.6693632602692
780.6018717288971
781.6341075897217
782.5576372146606
783.5220572948456
784.4615454673767
785.7807524204254
785.8387186527252
785.9015791416168
785.9354600906372
785.9663772583008
785.9982919692993
786.0292093753815
786.0611193180084
786.0930342674255
786.1239511966705
786.156863451004
786.1877851486206
786.2196955680847
786.2516143321991
786.2825314998627
786.3134486675262
786.3433692455292
786.3742883205414
786.4062023162842
786.437114238739
786.4690327644348
786.499986410141
786.5308673381805
786.5617859363556
786.5917046070099
786.622622013092
786.6535394191742
786.6844563484192
786.714376449585
786.7452898025513
786.7762110233307
786.806131362915
786.8380415439606
786.8689630031586
786.9008779525757
786.9327881336212
786.9637055397034
786.9936294555664
787.0245740413666
787.0564613342285
787.0893733501434
787.1192934513092
787.1502556800842
787.1802082061768
787.2110946178436
787.2420434951782
787.273957490921
787.3038446903229
787.334798336029
787.3667109012604
788.0309348106384
788.0648436546326
788.0967347621918
788.13063788414
788.1635797023773
788.1964955329895
788.2313697338104
788.2652778625488
788.2992215156555
788.3301045894623
788.3630123138428
788.3929669857025
788.4248831272125
788.4567980766296
788.487715959549
788.5205953121185
788.5525379180908
788.5844519138336
788.6163387298584
788.6482534408569
788.6791999340057
788.7101163864136
788.741037607193
788.7709534168243
788.8018980026245
788.8337907791138
788.8666999340057
788.897613286972
788.9295299053192
788.9604573249817
788.9913320541382
789.023282289505
789.0551991462708
789.0860784053802
789.1169993877411
789.1479167938232
789.177832365036
789.209794998169
789.2396667003632
789.270619392395
789.3015344142914
789.3324241638184
789.364337682724
789.3962526321411
789.4281632900238
789.460081577301
789.4919922351837
789.5239109992981
789.556823015213
789.588737487793
