15.623956680297852
15.082693099975586
14.541426658630371
14.000162124633789
13.458895683288574
12.917632102966309
12.376364707946777
11.835097312927246
11.29383373260498
10.752570152282715
10.211302757263184
9.670036315917969
9.128772735595703
8.587508201599121
8.046241760253906
7.504974842071533
6.963711261749268
6.422447204589844
5.881180763244629
5.660384178161621
5.529894828796387
5.0953826904296875
4.43418550491333
4.262938499450684
4.085768222808838
4.135159492492676
4.279989719390869
4.084537029266357
3.6207714080810547
3.730825424194336
4.0422892570495605
4.266566753387451
4.222024440765381
4.245186805725098
4.210295677185059
4.123465061187744
3.990142822265625
3.8151838779449463
3.602912187576294
3.7886478900909424
3.8108625411987305
3.5779080390930176
3.356894016265869
3.7648162841796875
3.926365852355957
3.824662446975708
3.5674221515655518
3.6276438236236572
3.6273367404937744
3.572619676589966
3.4720025062561035
3.3214011192321777
3.412903070449829
3.4039416313171387
3.4522018432617188
3.4413299560546875
3.386584758758545
3.373900890350342
3.316614866256714
3.2813422679901123
3.3616058826446533
3.3453948497772217
3.373140811920166
3.396876811981201
3.3717923164367676
3.3427021503448486
3.35770320892334
3.2883458137512207
3.394282579421997
3.347534656524658
3.320127010345459
3.297980785369873
3.248352527618408
3.274665117263794
3.3094427585601807
3.291591167449951
3.3201792240142822
3.399790048599243
3.249368906021118
3.544827461242676
3.641907215118408
3.4975013732910156
3.320277452468872
3.6629981994628906
3.7720463275909424
3.642470359802246
3.3012874126434326
3.6517879962921143
3.902061939239502
3.9046905040740967
3.687161922454834
3.2739081382751465
3.737560749053955
4.047135353088379
4.109286308288574
3.9509706497192383
3.5962066650390625
3.3577940464019775
3.621406078338623
3.6474666595458984
3.4615299701690674
3.424020767211914
3.369628667831421
3.3001773357391357
3.2291808128356934
3.2763712406158447
3.318033456802368
3.3348448276519775
3.3294460773468018
3.304190158843994
3.261192798614502
3.2218732833862305
3.2544829845428467
3.2636008262634277
3.2517008781433105
3.222618341445923
3.2363674640655518
3.2460861206054688
3.234823703765869
3.219426393508911
3.226498603820801
3.2166175842285156
3.217966079711914
3.220029830932617
3.2141857147216797
3.2237133979797363
3.2149336338043213
3.2229058742523193
3.2151899337768555
3.235729694366455
3.239973545074463
3.2240800857543945
3.234060764312744
3.244929790496826
3.235114336013794
3.2220118045806885
3.2484331130981445
3.2567315101623535
3.2446794509887695
3.2143898010253906
3.2564618587493896
3.2789549827575684
3.2797939777374268
3.261213779449463
3.2252185344696045
3.2505922317504883
3.2777347564697266
3.2829203605651855
3.26841402053833
3.2362422943115234
35.828025817871094
35.26544189453125
34.506134033203125
33.607601165771484
32.620201110839844
31.573976516723633
30.475984573364258
29.339813232421875
28.1773681640625
27.000141143798828
25.80935287475586
24.605566024780273
23.39623260498047
22.189441680908203
20.990276336669922
19.86616325378418
18.825159072875977
17.827486038208008
16.85445785522461
15.902280807495117
14.989156723022461
14.262579917907715
13.67562198638916
13.150128364562988
12.650015830993652
12.161587715148926
11.679258346557617
11.20611572265625
10.756837844848633
10.315743446350098
9.871804237365723
9.424661636352539
8.96382999420166
8.488075256347656
7.999128818511963
7.5348663330078125
7.1634979248046875
6.869664669036865
6.630988121032715
6.477603912353516
6.357089996337891
6.221322536468506
6.066707611083984
5.887630939483643
5.6847381591796875
5.467846870422363
5.275795936584473
5.13619327545166
5.036228179931641
4.947134017944336
4.846958637237549
4.728024959564209
4.593781471252441
4.45463752746582
4.330814361572266
4.235325336456299
4.161584854125977
4.124268531799316
4.116915702819824
4.093517780303955
4.053564548492432
4.01202917098999
3.9801430702209473
3.9584245681762695
3.9406943321228027
3.9311249256134033
3.915217399597168
3.8939263820648193
3.8709821701049805
3.851633310317993
3.83320951461792
3.815113067626953
3.8000094890594482
3.786756992340088
3.7735533714294434
3.7682533264160156
3.762655019760132
3.7548627853393555
3.7471556663513184
3.737293243408203
3.730074882507324
3.7231099605560303
3.7165722846984863
3.711787223815918
3.711153030395508
3.7142786979675293
3.716346263885498
3.714029312133789
3.707719564437866
3.703043222427368
3.699799060821533
3.6945292949676514
3.689823627471924
3.68886137008667
3.688042402267456
3.6872200965881348
3.690187454223633
3.6912269592285156
3.6897830963134766
3.68623948097229
3.68830943107605
3.68853759765625
3.686215877532959
3.682363271713257
3.6848154067993164
3.685837984085083
3.684735059738159
3.6818184852600098
3.679208517074585
3.6821115016937256
3.682694435119629
3.680943250656128
3.680309295654297
3.681523323059082
3.6804819107055664
3.678333282470703
3.6782824993133545
3.6776134967803955
3.6773550510406494
3.676842212677002
3.6784019470214844
3.67830228805542
3.6769371032714844
3.6770248413085938
3.676936626434326
3.676654815673828
3.676933765411377
3.676288604736328
3.6773781776428223
3.6771836280822754
3.675978660583496
3.6783037185668945
3.6787877082824707
3.6775002479553223
3.6758668422698975
3.6775200366973877
3.6770544052124023
3.675431728363037
3.675757884979248
3.675252914428711
3.67571759223938
3.675208568572998
3.674795627593994
3.6765873432159424
3.6763012409210205
3.67484712600708
3.674983501434326
3.675135612487793
3.675654888153076
3.6746644973754883
3.6759700775146484
3.675950050354004
3.6757521629333496
3.675403356552124
3.674917697906494
3.67431378364563
3.6742777824401855
3.674711227416992
3.6750311851501465
3.675079107284546
3.6748831272125244
3.6744704246520996
3.674105644226074
3.6739463806152344
3.674211263656616
3.6742682456970215
3.6741487979888916
3.6738686561584473
3.673909902572632
3.6739845275878906
3.674041748046875
3.67399525642395
3.6738083362579346
3.6736364364624023
3.6736645698547363
3.6737546920776367
3.673668384552002
3.6734182834625244
3.6736185550689697
3.6737606525421143
3.673652172088623
3.6733222007751465
3.6735408306121826
3.673732280731201
3.6737310886383057
3.6735639572143555
3.673246383666992
3.673353910446167
3.67354154586792
3.6734771728515625
3.6732699871063232
3.6731479167938232
3.6732633113861084
3.673346519470215
3.6732516288757324
3.6730005741119385
3.6730966567993164
3.673337697982788
3.6733670234680176
3.673166036605835
3.672901153564453
3.673030376434326
3.673168182373047
3.6731278896331787
3.6729226112365723
3.672736167907715
3.672900438308716
3.672894239425659
3.6726572513580322
3.6727778911590576
3.6729071140289307
3.672860622406006
3.672646999359131
3.6725895404815674
3.6727962493896484
3.6727917194366455
3.6725528240203857
3.672482967376709
3.6726109981536865
3.6725611686706543
3.6723947525024414
3.672407627105713
3.672365188598633
3.672274589538574
3.6723034381866455
3.6722335815429688
3.6722123622894287
3.672306537628174
3.672186851501465
3.672232151031494
3.6722733974456787
3.6721489429473877
3.6721508502960205
3.672238826751709
3.6721694469451904
3.672089099884033
3.6719634532928467
3.6721420288085938
3.6721560955047607
3.672001838684082
3.671975612640381
3.6720378398895264
3.67191219329834
3.6718688011169434
3.6717774868011475
3.6717653274536133
3.6717679500579834
3.6717584133148193
3.671748161315918
3.671717643737793
3.6717631816864014
3.671680212020874
3.6717395782470703
3.6718544960021973
3.6717891693115234
3.671602725982666
3.671781301498413
3.6717729568481445
3.671600103378296
3.671887159347534
3.6719982624053955
3.671863317489624
3.6715798377990723
3.67189884185791
3.6720261573791504
3.671977996826172
3.6717703342437744
3.6716647148132324
3.6718027591705322
3.6716995239257812
3.671626567840576
3.671694755554199
3.6716535091400146
3.671659231185913
3.6716256141662598
3.671645164489746
3.671617031097412
3.6715431213378906
3.671621561050415
3.671682596206665
3.671673536300659
3.6716251373291016
3.671613931655884
3.671581745147705
3.6716206073760986
3.67163348197937
3.6716818809509277
3.671722650527954
3.67170786857605
3.6716434955596924
3.6716437339782715
3.6716079711914062
3.671564817428589
3.6715564727783203
3.671623945236206
3.6716418266296387
3.671509265899658
3.671661138534546
3.671604633331299
3.6715564727783203
3.6715903282165527
3.6716346740722656
3.6716651916503906
3.671640634536743
3.671567916870117
3.6716625690460205
3.6716370582580566
3.671464443206787
3.6715779304504395
3.6714887619018555
3.6715035438537598
3.6715073585510254
3.6715292930603027
3.6715054512023926
3.671492099761963
3.67153000831604
3.671502113342285
3.671489715576172
3.67152738571167
3.6715025901794434
3.6715569496154785
3.6715240478515625
3.671548843383789
3.671572208404541
3.6714351177215576
3.671581745147705
3.6715264320373535
3.6715173721313477
3.6715524196624756
3.671494483947754
3.6715095043182373
3.6714653968811035
3.6714859008789062
3.671433687210083
3.6715340614318848
3.671424627304077
3.6716413497924805
3.671718120574951
3.6716182231903076
3.6714391708374023
3.671555519104004
3.6714916229248047
3.671494722366333
3.6715426445007324
3.671436309814453
3.671442985534668
3.671417474746704
3.6714468002319336
3.6713712215423584
3.671492576599121
147.7998046875
142.74363708496094
137.6909942626953
132.5828399658203
127.4721908569336
122.50465393066406
117.51905822753906
112.5346908569336
107.5823745727539
102.71575164794922
97.99967956542969
93.27747344970703
88.61872863769531
84.38898468017578
80.97711181640625
77.65071105957031
74.267822265625
70.82559204101562
67.80765533447266
64.75190734863281
61.63966369628906
58.676292419433594
55.6927604675293
52.485111236572266
49.31848907470703
46.93398666381836
44.87791061401367
43.11073303222656
41.660648345947266
39.729373931884766
37.53822326660156
35.182167053222656
32.959476470947266
31.097328186035156
29.211017608642578
27.416059494018555
25.408275604248047
24.21181297302246
23.466772079467773
22.458005905151367
21.485912322998047
20.53207015991211
19.527080535888672
18.495582580566406
17.32026481628418
16.020912170410156
14.461234092712402
12.967440605163574
11.719704627990723
10.845758438110352
9.951000213623047
9.096744537353516
8.083220481872559
7.111236572265625
6.20556640625
5.781749248504639
5.4131550788879395
5.318428993225098
5.192596912384033
5.166585445404053
5.2283124923706055
5.13327169418335
5.116694450378418
5.387561321258545
5.52249813079834
5.3352484703063965
5.204889297485352
5.0879316329956055
5.012300491333008
4.862137317657471
4.770012378692627
4.625223636627197
4.547025203704834
4.349395751953125
4.321127891540527
4.299724102020264
4.0858354568481445
3.889820098876953
3.8781967163085938
3.786578416824341
3.772034168243408
3.624265193939209
3.597839117050171
3.592073678970337
3.474482536315918
3.2871007919311523
3.234659194946289
3.310945749282837
3.1495954990386963
3.03212308883667
2.9368820190429688
2.8575594425201416
2.9629576206207275
2.957826614379883
2.840998411178589
2.8046865463256836
2.8087329864501953
2.9383809566497803
2.8398845195770264
2.710442066192627
2.752375602722168
2.7601511478424072
2.60941219329834
2.619554042816162
2.653499126434326
2.734098434448242
2.6939399242401123
2.6655972003936768
2.689368724822998
2.6240692138671875
2.5346457958221436
2.6202735900878906
2.649099588394165
2.507719039916992
2.4184772968292236
2.393616199493408
2.4093055725097656
2.3206353187561035
2.3506956100463867
2.2239115238189697
2.2610440254211426
2.2614340782165527
2.3621840476989746
2.328484535217285
2.2366366386413574
2.3717880249023438
2.414644956588745
2.3720083236694336
2.355494737625122
2.416255474090576
2.226506233215332
2.2741880416870117
2.390984296798706
2.292835235595703
2.1757917404174805
2.202240467071533
2.311527967453003
2.300144910812378
2.272602081298828
2.319248676300049
2.327634334564209
2.248253583908081
2.257566452026367
2.478956699371338
2.393984079360962
2.2931110858917236
2.397559881210327
2.332104206085205
2.3050718307495117
2.3673388957977295
10.34167766571045
10.259889602661133
10.17927074432373
10.087276458740234
10.005404472351074
9.900444984436035
9.81044864654541
9.733732223510742
9.677521705627441
9.626215934753418
9.62102222442627
9.609931945800781
9.596125602722168
9.587272644042969
9.58529281616211
9.581768989562988
9.571812629699707
9.55438232421875
9.543251037597656
9.521364212036133
9.49416446685791
9.465105056762695
9.432172775268555
9.41157054901123
9.397322654724121
9.389640808105469
9.396312713623047
9.400794982910156
9.407465934753418
9.4111909866333
9.417662620544434
9.41611099243164
9.413711547851562
9.404464721679688
9.39320182800293
9.389341354370117
9.386852264404297
9.38177490234375
9.375455856323242
9.369671821594238
9.362295150756836
9.346709251403809
9.326234817504883
9.302740097045898
9.28030014038086
9.263069152832031
9.246722221374512
9.227265357971191
9.21368408203125
9.209907531738281
9.224397659301758
9.239376068115234
9.245777130126953
9.25929069519043
9.264113426208496
9.263670921325684
9.265850067138672
9.265617370605469
9.263395309448242
9.257928848266602
9.25545883178711
9.249022483825684
9.244324684143066
9.22646427154541
9.216259956359863
9.209878921508789
9.210305213928223
9.214059829711914
9.214818954467773
9.214618682861328
9.212775230407715
9.209857940673828
9.208063125610352
9.206514358520508
9.203310012817383
9.20638370513916
9.210747718811035
9.213310241699219
9.214057922363281
9.212300300598145
9.2111177444458
9.207075119018555
9.204445838928223
9.200337409973145
9.200274467468262
9.195931434631348
9.19840145111084
9.197636604309082
9.199965476989746
9.197583198547363
9.197324752807617
9.201828956604004
9.20083236694336
9.201557159423828
9.199236869812012
9.199070930480957
9.199263572692871
9.199296951293945
9.198726654052734
9.198725700378418
9.193923950195312
9.193241119384766
9.195107460021973
9.194354057312012
9.19300651550293
9.192462921142578
9.193074226379395
9.193987846374512
9.194974899291992
9.195831298828125
9.193953514099121
9.193621635437012
9.194034576416016
9.19452953338623
9.194143295288086
9.192937850952148
9.190962791442871
9.189824104309082
9.191418647766113
9.19115161895752
9.191458702087402
9.188750267028809
9.189109802246094
9.19034194946289
9.189668655395508
9.189581871032715
9.189041137695312
9.189229965209961
9.189004898071289
9.18807315826416
9.188071250915527
9.188239097595215
9.187689781188965
9.18637752532959
9.185175895690918
9.185776710510254
9.185510635375977
9.186038970947266
9.184226989746094
9.184393882751465
9.183914184570312
9.184209823608398
9.184537887573242
9.184063911437988
9.183774948120117
9.184450149536133
9.184184074401855
9.182276725769043
9.181668281555176
9.181366920471191
9.182839393615723
8.716961860656738
8.399449348449707
8.159783363342285
7.935049533843994
7.717785835266113
7.494926452636719
7.271605968475342
7.036097526550293
6.805521011352539
6.585474014282227
6.369176864624023
6.186392784118652
6.032955169677734
5.885456085205078
5.738742828369141
5.60527229309082
5.45838737487793
5.309051513671875
5.168004035949707
5.022261142730713
4.88763952255249
4.775729656219482
4.689639568328857
4.626886367797852
4.5718278884887695
4.521771430969238
4.476554870605469
4.449633598327637
4.442354202270508
4.446320056915283
4.451387405395508
4.4440717697143555
4.423969745635986
4.400413990020752
4.3703765869140625
4.3341217041015625
4.302025318145752
4.2706098556518555
4.235073089599609
4.203282356262207
4.174726963043213
4.147292613983154
4.113773345947266
4.094040870666504
4.072329521179199
4.050486087799072
4.027467727661133
4.013113498687744
3.9950249195098877
3.981426239013672
3.971285104751587
3.9626243114471436
3.9549167156219482
3.9504036903381348
3.940098762512207
3.9330501556396484
3.921218156814575
3.9118945598602295
3.9047656059265137
3.8962764739990234
3.8982203006744385
3.8940467834472656
3.88738751411438
3.8856608867645264
3.885576009750366
3.8753395080566406
3.868265151977539
3.8612616062164307
3.855863332748413
3.850135564804077
3.848331928253174
3.8459832668304443
3.841883897781372
3.8404030799865723
3.8408360481262207
3.837871551513672
3.8359668254852295
3.833329916000366
3.8303704261779785
3.8268206119537354
3.8245699405670166
3.8202261924743652
3.81946063041687
3.820004940032959
3.816404342651367
3.8126511573791504
3.8122849464416504
3.8087642192840576
3.8022406101226807
3.7994019985198975
3.798478126525879
3.796825408935547
3.793599843978882
3.7921438217163086
3.789854049682617
3.7889108657836914
3.7879228591918945
3.7871668338775635
3.787851572036743
3.7854530811309814
3.785203456878662
3.785484790802002
3.783464193344116
3.7830684185028076
3.781787633895874
3.781604528427124
3.7787113189697266
3.77856707572937
3.777343988418579
3.7783355712890625
3.7811412811279297
3.780043601989746
3.775333881378174
3.776796340942383
3.775740623474121
3.772521495819092
3.773313283920288
3.77187442779541
3.768976926803589
3.7676167488098145
3.7656848430633545
3.7629096508026123
3.7628159523010254
3.7613868713378906
3.758702278137207
3.7591025829315186
3.7562105655670166
3.7576041221618652
3.7569611072540283
3.754842519760132
3.7536401748657227
3.7529408931732178
3.7516283988952637
3.750934600830078
3.7482411861419678
3.7465710639953613
3.746288776397705
3.745405435562134
3.742687702178955
3.7425684928894043
3.7413620948791504
3.740288019180298
3.742140769958496
3.7406392097473145
3.7407467365264893
3.740034341812134
3.7388806343078613
3.737412214279175
3.737783193588257
3.7372970581054688
3.737651824951172
3.7359230518341064
3.736057996749878
3.7340247631073
3.733003854751587
3.732780694961548
3.730525016784668
3.7285444736480713
3.728163957595825
3.7279064655303955
3.72629976272583
3.724856376647949
3.7244722843170166
3.7242815494537354
3.722903251647949
3.721846103668213
3.7202253341674805
3.720834970474243
3.7214300632476807
3.719402313232422
3.7156872749328613
3.7156383991241455
3.7141494750976562
3.714226007461548
3.713958263397217
3.713254690170288
3.715167999267578
3.715822696685791
3.7159342765808105
3.7122836112976074
3.711435079574585
3.7092461585998535
3.70721435546875
3.7055654525756836
3.705947160720825
3.705329418182373
3.703524351119995
3.701770305633545
3.700089931488037
3.6979987621307373
3.6991078853607178
3.6990480422973633
3.6988303661346436
3.6983730792999268
3.6974403858184814
3.6966888904571533
3.6972455978393555
3.695690393447876
3.6957476139068604
3.695521831512451
3.6956417560577393
3.694695472717285
3.693565845489502
3.6931469440460205
3.6907966136932373
3.685542345046997
3.6853573322296143
3.6847901344299316
3.6855244636535645
3.6857054233551025
3.6842246055603027
3.6846773624420166
3.683722496032715
3.685070514678955
3.685626268386841
3.6845295429229736
3.6852469444274902
3.683274269104004
3.6817612648010254
3.6809701919555664
3.682154417037964
3.6818485260009766
3.6809682846069336
3.6802220344543457
3.680971622467041
3.6813955307006836
3.6810100078582764
3.6802399158477783
3.6812400817871094
3.679981231689453
3.6797173023223877
3.6792690753936768
3.676999807357788
3.6752662658691406
3.6757125854492188
3.6744842529296875
3.6738550662994385
3.671647548675537
3.6694560050964355
3.6686556339263916
3.669224500656128
3.667518377304077
3.6651973724365234
3.6648807525634766
3.6645700931549072
3.6640071868896484
3.6641740798950195
3.6640663146972656
3.664285182952881
3.662830352783203
3.662689208984375
3.6627743244171143
3.663566827774048
3.66439151763916
3.6644513607025146
3.6644883155822754
3.6639981269836426
3.6636428833007812
3.663196086883545
3.6629486083984375
3.662458658218384
3.6627817153930664
3.6625142097473145
3.662170171737671
3.6631081104278564
3.660693883895874
3.660496473312378
3.6596834659576416
3.658438205718994
3.6599037647247314
3.6606216430664062
3.6569604873657227
3.6583147048950195
3.658008575439453
3.6591005325317383
3.659311294555664
3.6583797931671143
3.659055709838867
3.6588284969329834
3.658341407775879
3.6578550338745117
3.657759189605713
3.6577351093292236
3.6562564373016357
3.65670108795166
3.656982183456421
3.655985116958618
3.655402421951294
3.6558210849761963
3.6553947925567627
3.6549558639526367
3.65584135055542
3.6574525833129883
3.6595358848571777
3.659634828567505
3.6599535942077637
3.662834882736206
3.6606509685516357
3.660038471221924
3.6614344120025635
3.663856029510498
3.6636931896209717
3.664562463760376
3.662738084793091
3.661942481994629
3.662092924118042
3.6616902351379395
3.662280797958374
3.6626458168029785
3.662018060684204
3.6592164039611816
3.658430814743042
3.6587154865264893
3.6584839820861816
3.6579737663269043
3.657151699066162
3.657419204711914
3.656454086303711
3.6549525260925293
3.6558282375335693
3.655689239501953
3.652017116546631
3.6521847248077393
3.6525232791900635
3.6535465717315674
3.6543407440185547
3.6545746326446533
3.6553213596343994
3.6543610095977783
3.653733253479004
3.654247760772705
3.653618812561035
3.6553797721862793
3.6541855335235596
3.654710531234741
3.654402494430542
3.6553332805633545
3.654843807220459
3.655869960784912
3.65667724609375
3.6576931476593018
3.6566553115844727
3.6561150550842285
3.655653238296509
3.6538455486297607
3.653590202331543
3.651864528656006
3.651543378829956
3.652817487716675
3.6524572372436523
3.652219295501709
3.651763439178467
3.649890422821045
3.6478655338287354
3.6473116874694824
3.647378444671631
3.6484439373016357
3.6481218338012695
3.6483154296875
3.647965669631958
3.646594524383545
3.644758462905884
3.64430832862854
3.6445729732513428
3.6451146602630615
3.6457624435424805
3.6443076133728027
3.6435279846191406
3.6430530548095703
3.6426522731781006
3.64266037940979
3.643559455871582
3.643165349960327
3.6438543796539307
3.6443052291870117
3.642963409423828
3.6447291374206543
3.6458826065063477
3.6453821659088135
3.643063545227051
3.6427581310272217
3.641794204711914
3.6416385173797607
3.6415390968322754
3.6414051055908203
3.6406619548797607
3.642643928527832
3.6428332328796387
3.642133951187134
3.6423494815826416
3.642709255218506
3.642388105392456
3.6420698165893555
3.6445422172546387
3.644221067428589
3.6452701091766357
3.645705461502075
3.644839286804199
3.6446776390075684
0.573716938495636
0.5657829642295837
0.5582322478294373
0.5510947108268738
0.5445742011070251
0.538572371006012
0.5331450700759888
0.5282631516456604
0.5238549709320068
0.5199109315872192
0.516355574131012
0.5131503343582153
0.5103034377098083
0.5079348683357239
0.5061246156692505
0.5049166083335876
0.5042858719825745
0.5041400194168091
0.5043563842773438
0.5046709775924683
0.5049036741256714
0.5047686100006104
0.5042809247970581
0.5036170482635498
0.5028378367424011
0.5020495057106018
0.5013202428817749
0.5006916522979736
0.5002263784408569
0.49996352195739746
0.49990248680114746
0.49996328353881836
0.5000450611114502
0.5000078082084656
0.49983692169189453
0.49960434436798096
0.49936628341674805
0.4991375803947449
0.4989301562309265
0.4987899661064148
0.49872317910194397
0.4986962080001831
0.4986816644668579
0.49864181876182556
0.498550683259964
0.49845555424690247
0.4983910918235779
0.49830129742622375
0.49821406602859497
0.4981575012207031
0.4981688857078552
0.4981817901134491
0.49815550446510315
0.4981142580509186
0.4980258345603943
0.4979519546031952
0.4979504346847534
0.49798083305358887
0.4979918599128723
0.4979771375656128
0.4979110360145569
0.49786102771759033
0.4978705048561096
0.49790704250335693
0.49791043996810913
0.49788808822631836
0.49786177277565
0.49784576892852783
0.49786072969436646
0.4978488087654114
0.4978192448616028
0.49781835079193115
0.49783456325531006
0.49783387780189514
0.49781644344329834
0.49778690934181213
0.49777546525001526
0.4977934658527374
0.4977908730506897
0.497780442237854
0.4977690875530243
0.49776795506477356
0.4977656900882721
0.4977784752845764
0.4977731704711914
0.4977751076221466
0.4977946877479553
0.4977778494358063
0.49779707193374634
0.4977937936782837
0.49776721000671387
0.49777889251708984
0.49780434370040894
0.4978073239326477
0.4977973699569702
0.49778133630752563
0.4977620244026184
0.497750848531723
0.49776434898376465
0.4977607727050781
