2.1239817142486572
2.271587371826172
2.41520357131958
2.5687918663024902
2.720386266708374
2.8550262451171875
3.001634120941162
3.143256187438965
3.3257668018341064
3.4604082107543945
3.6030261516571045
3.742652416229248
3.8852715492248535
4.026891469955444
4.167515516281128
4.304151296615601
4.4437761306762695
4.5824055671691895
4.719041585922241
4.8696372509002686
5.01225733757019
5.15188193321228
5.294501781463623
5.4381163120269775
5.579737663269043
5.728340148925781
5.867967128753662
6.003604888916016
6.13924241065979
6.278868198394775
6.422483921051025
6.5670976638793945
6.7306599617004395
6.8772666454315186
7.024872779846191
7.163501024246216
7.3140997886657715
7.458712577819824
7.605319023132324
7.748935699462891
7.8885626792907715
8.038161277770996
8.196737289428711
8.34933066368103
8.504913330078125
8.654514074325562
8.809100866317749
8.952714920043945
9.09932255744934
9.246928453445435
9.995011568069458
10.142618656158447
10.292217493057251
10.441850423812866
10.588425636291504
10.73303747177124
10.880643844604492
11.033234596252441
11.179841995239258
11.321463346481323
11.466076374053955
11.606701612472534
11.7592933177948
11.914876461029053
12.077440977096558
12.231030225753784
12.386615753173828
12.539207696914673
12.693793773651123
12.85137152671814
13.044859409332275
13.199439525604248
13.362005949020386
13.516591310501099
13.661205768585205
13.846709728240967
13.992318630218506
14.141918659210205
14.285534858703613
14.440122365951538
14.589720964431763
14.742313623428345
14.882936477661133
15.03054165840149
15.173160076141357
15.310824632644653
15.47335696220398
15.638915061950684
15.796493291854858
15.99196982383728
16.13758087158203
16.28418803215027
16.47068953514099
16.617297887802124
16.788838624954224
16.933451890945435
17.130924463272095
17.27453899383545
17.42613387107849
17.575733184814453
18.308011531829834
18.47655963897705
18.653087854385376
18.797701597213745
18.971238613128662
19.121834754943848
19.266446828842163
19.417044162750244
19.560661554336548
19.719236135482788
19.871827363967896
20.02342200279236
20.165045022964478
20.32062816619873
20.46823215484619
20.614840030670166
20.770424842834473
20.933987140655518
21.078601360321045
21.2461519241333
21.392760038375854
21.533384084701538
21.67699956893921
21.82061505317688
21.970215797424316
22.1088445186615
22.26143527030945
22.411035776138306
22.558643102645874
22.726192951202393
22.894742965698242
23.04633641242981
23.204912185668945
23.348527669906616
23.497130870819092
23.647728443145752
23.808298110961914
23.959892988204956
24.10949182510376
24.273054122924805
24.417667388916016
24.570260047912598
24.715869903564453
24.85749125480652
25.0100839138031
25.160679817199707
25.302300930023193
25.448909759521484
25.61147403717041
25.77404022216797
26.55096197128296
26.69956350326538
26.854150772094727
27.002752780914307
27.15334987640381
27.319904804229736
27.47548794746399
27.640049934387207
27.7946355342865
27.95620346069336
28.121761322021484
28.26737070083618
28.4269437789917
28.575546503067017
28.735119819641113
28.8857159614563
29.036314010620117
29.176936388015747
29.314568519592285
29.485113382339478
29.645684003829956
29.79927349090576
29.9478759765625
30.099470853805542
30.263033151626587
30.427594900131226
30.623069047927856
30.766685247421265
30.927254676818848
31.07984733581543
31.265350818634033
31.44586730003357
31.599456787109375
31.755040884017944
31.934561014175415
32.129040241241455
32.27166032791138
32.452176332473755
32.597787857055664
32.787283420562744
32.97677302360535
33.13036346435547
33.27497577667236
33.419588565826416
33.57517337799072
33.73773908615112
33.88035607337952
34.0319504737854
34.1805522441864
34.32317018508911
35.14498496055603
35.28861165046692
35.43521046638489
35.62171149253845
35.78028607368469
35.94484543800354
36.098434925079346
36.24803590774536
36.41060161590576
36.553218364715576
36.705811977386475
36.85939908027649
37.01099371910095
37.15760278701782
37.34111046791077
37.49470043182373
37.64330220222473
37.78991150856018
37.93452525138855
38.0861177444458
38.236716985702515
38.39130139350891
38.54788303375244
38.70246911048889
38.8450882434845
39.01363801956177
39.15828323364258
39.31283617019653
39.452462673187256
39.59408402442932
39.74667692184448
39.895278215408325
40.049864768981934
40.21043586730957
40.36701798439026
40.51163053512573
40.66920804977417
40.81481862068176
40.96242427825928
41.104044675827026
41.259629249572754
41.41022706031799
41.575783491134644
41.72937369346619
41.88495755195618
42.04752159118652
42.206098318099976
42.36866283416748
42.56114745140076
42.70675873756409
43.49664545059204
43.654223918914795
43.80182909965515
43.93946099281311
44.08706617355347
44.23367428779602
44.37529420852661
44.52589154243469
44.69444155693054
44.8400514125824
44.9966344833374
45.143240213394165
45.29084610939026
45.43047285079956
45.5750846862793
45.719698667526245
45.86730408668518
46.00992178916931
46.150580644607544
46.29815173149109
46.44775080680847
46.610315799713135
46.74495577812195
46.89256191253662
47.043158292770386
47.199740409851074
47.357322454452515
47.49993681907654
47.640559911727905
47.78816509246826
47.952725410461426
48.11034059524536
48.27087450027466
48.42047429084778
48.578052282333374
48.71767854690552
48.867279052734375
49.01787543296814
49.17246198654175
49.3210654258728
49.46966814994812
49.62325620651245
49.76787090301514
49.915475845336914
50.06008863449097
50.20769286155701
50.39219927787781
50.53182578086853
50.69439339637756
50.83800673484802
51.59843373298645
51.75102639198303
51.928550004959106
52.0781512260437
52.240715742111206
52.395301818847656
52.55487418174744
52.70547151565552
52.850085973739624
53.00167989730835
53.15427255630493
53.29788661003113
53.454469203948975
53.605066776275635
53.74070334434509
53.89728379249573
54.04987645149231
54.18950295448303
54.34009909629822
54.48471260070801
54.64528775215149
54.79189133644104
54.9424889087677
55.12898850440979
55.2975378036499
55.44115352630615
55.591750621795654
55.741350412368774
55.88596534729004
56.02558994293213
56.17419409751892
56.33576226234436
56.48935103416443
56.66687607765198
56.81348252296448
56.97006392478943
57.13662028312683
57.290207862854004
57.48369097709656
57.629300355911255
57.77191972732544
57.9125440120697
58.072118043899536
58.229695558547974
58.394256591796875
58.58275079727173
58.734344244003296
58.88594031333923
59.034541606903076
59.20309114456177
60.00095748901367
60.17748522758484
60.347031354904175
60.53552770614624
60.69210863113403
60.85567021369934
60.999287128448486
61.14489936828613
61.289509296417236
61.43611812591553
61.594693183898926
61.75127410888672
61.905861377716064
62.06144428253174
62.21603059768677
62.382585525512695
62.55711889266968
62.721678495407104
62.87327289581299
63.03883099555969
63.18045258522034
63.33304405212402
63.49461054801941
63.66016912460327
63.82073950767517
63.975324869155884
64.15883493423462
64.32239866256714
64.46700954437256
64.62658333778381
64.781170129776
64.95271158218384
65.11527585983276
65.27185773849487
65.45037961006165
65.61394190788269
65.77650690078735
65.96101379394531
66.12657022476196
66.27716755867004
66.44172739982605
66.60130047798157
66.7578821182251
66.9364058971405
67.0850076675415
67.23560357093811
67.3762276172638
67.5168526172638
67.66246294975281
67.81804728507996
68.56856727600098
68.7181670665741
68.92860412597656
69.07620978355408
69.22580909729004
69.37341451644897
69.5130410194397
69.64768075942993
69.79229354858398
69.94189453125
70.08850240707397
70.22912549972534
70.39667749404907
70.54029297828674
70.69587731361389
70.8624312877655
71.00804257392883
71.1526551246643
71.30724143981934
71.46482014656067
71.61741161346436
71.7719988822937
71.91661238670349
72.07020044326782
72.22279262542725
72.38435983657837
72.5269787311554
72.669597864151
72.81720232963562
72.96580481529236
73.10942077636719
73.25303626060486
73.39266324043274
73.53927063941956
73.70183682441711
73.84944152832031
73.99106216430664
74.13866758346558
74.29026198387146
74.48075342178345
74.63533902168274
74.77596306800842
74.92057633399963
75.08114695549011
75.23673105239868
75.38433718681335
75.57283186912537
75.76830887794495
75.9149169921875
76.05354595184326
76.81351327896118
76.99204087257385
77.1496148109436
77.31118607521057
77.45978474617004
77.61337375640869
77.75699377059937
77.91755890846252
78.06616759300232
78.25465941429138
78.40026879310608
78.54787373542786
78.70046663284302
78.84109330177307
78.98770499229431
79.12337636947632
79.26495552062988
79.42452883720398
79.59906315803528
79.75066113471985
79.90923237800598
80.07079935073853
80.22040367126465
80.3650131225586
80.51261806488037
80.67518424987793
80.85869145393372
81.01826572418213
81.16586995124817
81.31746530532837
81.46108102798462
81.61865854263306
81.76427054405212
81.9208517074585
82.06347036361694
82.20509243011475
82.36765670776367
82.50628900527954
82.65688276290894
82.80947422981262
82.95907878875732
83.15255641937256
83.29517459869385
83.43982219696045
83.59138226509094
83.7499635219574
83.89556860923767
84.04516816139221
84.19377112388611
84.34935879707336
85.73765635490417
86.4637143611908
87.20572924613953
87.9866418838501
88.78949236869812
89.4926118850708
90.29347014427185
91.15017771720886
91.98095607757568
92.79078912734985
93.57668685913086
94.44137406349182
95.25021028518677
96.12088131904602
96.96961164474487
97.74154663085938
98.50949239730835
99.23854303359985
100.05635499954224
100.85920643806458
101.61618208885193
102.34223985671997
103.12115573883057
103.86815905570984
104.63610458374023
105.41103076934814
106.15903043746948
106.88508725166321
107.6380729675293
108.37609910964966
109.11212992668152
109.85514545440674
110.58319520950317
111.35712504386902
112.10013818740845
112.80126190185547
113.64300990104675
114.40197992324829
115.1001124382019
115.92490720748901
116.70781183242798
117.57648921012878
118.28658866882324
119.07049202919006
119.86935472488403
120.62333798408508
121.3284523487091
122.05750131607056
122.85636448860168
123.60635948181152
124.94777011871338
125.81345510482788
126.57441902160645
127.43910694122314
128.21702527999878
129.03882694244385
129.7948043346405
130.53881573677063
131.28482055664062
132.07171368598938
132.9284234046936
133.72529125213623
134.5032093524933
135.2063295841217
135.99222683906555
136.72327160835266
137.48224258422852
138.24520015716553
138.97425031661987
139.72224879264832
140.51512813568115
141.2721028327942
142.02109956741333
142.88977766036987
143.67367911338806
144.56928300857544
145.3711383342743
146.17498779296875
147.00177645683289
147.78966903686523
148.5885329246521
149.35847282409668
150.1673083305359
150.97415041923523
151.79296040534973
152.55691647529602
153.3537847995758
154.09779453277588
154.84380078315735
155.61673140525818
156.37769770622253
157.15561485290527
157.91159319877625
158.6745524406433
159.43352246284485
160.26928663253784
161.10305619239807
161.96973729133606
162.7636137008667
163.5804295539856
165.44743585586548
166.21338653564453
166.95440340042114
167.81111311912537
168.6428873538971
169.39387822151184
170.1538450717926
170.97265529632568
171.75855255126953
172.59331965446472
173.3961730003357
174.21398448944092
174.95699787139893
175.74488949775696
176.51083993911743
177.25684523582458
177.98689198493958
178.7428696155548
179.5487141609192
180.2618067264557
180.97689414024353
181.70793795585632
182.53971409797668
183.36650204658508
184.14043164253235
184.946275472641
185.75112318992615
186.47219371795654
187.18030095100403
187.88142442703247
188.5875358581543
189.33752965927124
190.10348057746887
190.9532072544098
191.75107288360596
192.56988286972046
193.30691123008728
194.099791765213
194.959490776062
197.66617631912231
200.22516107559204
202.89348649978638
205.7160246372223
208.45459651947021
211.46055936813354
214.44058418273926
217.2939474582672
220.01566529273987
222.64164280891418
224.1565887928009
225.50875902175903
226.26068687438965
227.00199913978577
227.72857022285461
228.47480654716492
229.23211884498596
229.9880940914154
230.79983615875244
231.5282220840454
232.24971866607666
233.03580904006958
233.86010646820068
234.6450662612915
235.3367214202881
236.10566449165344
236.80479431152344
237.5627670288086
238.33470177650452
239.12459063529968
239.94639110565186
240.754230260849
241.5281593799591
242.3429799079895
243.10992813110352
243.85294151306152
244.66476893424988
245.49853897094727
246.2664852142334
246.9526493549347
247.6328308582306
248.33195972442627
249.06998538970947
249.84790587425232
250.5799469947815
251.2770812511444
252.12780570983887
252.89575147628784
253.68962836265564
254.41369152069092
255.1596953868866
255.88774800300598
256.6058270931244
257.3518316745758
258.1317472457886
258.92961144447327
259.618768453598
260.3348526954651
261.1466808319092
261.89168882369995
262.60178875923157
263.9152743816376
264.67623925209045
265.37437200546265
266.25601291656494
266.95215225219727
267.7320656776428
268.5249447822571
269.2360417842865
269.9900245666504
270.7739281654358
271.47604990005493
272.2509768009186
273.01194167137146
273.7409908771515
274.4560785293579
275.2629199028015
275.9879810810089
276.7060594558716
277.4450831413269
278.2030551433563
278.90916633605957
279.714013338089
280.46001863479614
281.1671266555786
281.8622672557831
282.6701068878174
283.3901798725128
284.12521386146545
284.86423659324646
285.5613718032837
286.34527492523193
287.1351623535156
287.8861529827118
288.5972526073456
289.3851432800293
290.09225153923035
290.8901174068451
291.5912425518036
292.3871133327484
293.1959493160248
293.91203474998474
294.6819746494293
295.4938027858734
296.25975370407104
297.03567838668823
297.7916567325592
298.59849858283997
299.33752155303955
300.2051999568939
301.01004695892334
302.3414852619171
303.1303753852844
303.92624616622925
304.7290987968445
305.46911883354187
306.2001647949219
306.9950382709503
307.75799655914307
308.49502539634705
309.2260694503784
309.9680850505829
310.71009969711304
311.42518758773804
312.17318654060364
312.9161982536316
313.72802686691284
314.45408511161804
315.2020835876465
315.9730215072632
316.724014043808
317.41516399383545
318.1073133945465
318.82240056991577
319.5953326225281
320.36726689338684
321.1122751235962
321.8173885345459
322.65215492248535
323.46797251701355
324.33365750312805
325.0208189487457
325.72094655036926
326.43503642082214
327.12718439102173
327.85922741889954
328.5593538284302
329.28640842437744
330.0294210910797
330.76844549179077
331.48951506614685
332.2006130218506
332.90074014663696
333.6397633552551
334.3947446346283
335.23050832748413
335.9465925693512
336.70257091522217
337.4864740371704
338.3082768917084
339.0552773475647
340.4525399208069
341.2942876815796
342.0313174724579
342.85910177230835
343.61208748817444
344.39898324012756
345.1968493461609
345.9069490432739
346.67988109588623
347.40893173217773
348.1070637702942
348.8919644355774
349.6718783378601
350.39793586730957
351.16687870025635
351.9248516559601
352.6758437156677
353.3949189186096
354.09105682373047
354.89390993118286
355.5910439491272
356.3460247516632
357.14289379119873
357.97766041755676
358.71668457984924
359.5404794216156
360.28648471832275
361.0105483531952
361.7366051673889
362.51252937316895
363.29842734336853
364.04742407798767
364.84927892684937
365.5484094619751
366.23457431793213
366.9416825771332
367.62984132766724
368.3918023109436
369.1258399486542
370.03440856933594
370.8183124065399
371.58226895332336
372.3591904640198
373.16403698921204
373.99880480766296
374.8186116218567
375.63471007347107
376.40066170692444
377.11973762512207
377.87571477890015
379.22510600090027
380.07882142066956
380.8776843547821
381.65361046791077
382.4165687561035
383.21742606163025
384.04321694374084
384.86302375793457
385.6219940185547
386.43083119392395
387.3074851036072
388.0325458049774
388.77256631851196
389.6023473739624
390.4510774612427
391.3117742538452
392.06775188446045
392.8546476364136
393.6096272468567
394.37059140205383
395.1385381221771
395.9274277687073
396.7262899875641
397.4493556022644
398.21331214904785
398.95233511924744
399.67540097236633
400.4124310016632
401.136492729187
401.89147305488586
402.6354835033417
403.3605444431305
404.0616686344147
404.8365948200226
405.6224935054779
406.4223527908325
407.232186794281
408.0549864768982
408.8478648662567
409.6317677497864
410.3837580680847
411.14970779418945
411.9605391025543
412.7025554180145
413.4824688434601
414.2494156360626
414.94854617118835
415.66363286972046
416.4116322994232
417.1456689834595
418.4830913543701
419.2460505962372
419.9850730895996
420.7490303516388
421.51198840141296
422.2958927154541
423.00399827957153
423.7270646095276
424.4321777820587
425.177184343338
425.94413328170776
426.78488516807556
427.48900055885315
428.2200450897217
429.01890778541565
429.8317334651947
430.55978655815125
431.29182839393616
432.00192952156067
432.74194860458374
433.4889509677887
434.2090263366699
434.9161331653595
435.7189860343933
436.4619975090027
437.2748234272003
438.04675936698914
438.83664631843567
439.65146589279175
440.45930528640747
441.2003240585327
441.9812340736389
442.7392077445984
443.54305839538574
444.3768265247345
445.24151277542114
446.0004825592041
446.7265408039093
447.57527136802673
448.33124804496765
449.0373589992523
449.7594277858734
450.483491897583
451.1896016597748
451.90668392181396
452.64470982551575
453.38472986221313
454.1297369003296
454.856791973114
455.6017994880676
456.93431758880615
457.76210379600525
458.5260593891144
459.22917914390564
460.0599572658539
460.82790350914
461.6138005256653
462.44756984710693
463.2364602088928
464.06225061416626
464.8611147403717
465.61509680747986
466.31223154067993
467.1190731525421
467.8421404361725
468.5731842517853
469.3650653362274
470.147971868515
470.86106395721436
471.56019353866577
472.3271417617798
473.0761384963989
473.89195728302
474.65591263771057
475.45477628707886
476.2426679134369
476.9677288532257
477.70974373817444
478.49464440345764
479.2785472869873
480.00360774993896
480.7665672302246
481.50359559059143
482.22666215896606
482.98064398765564
483.69672870635986
484.43276023864746
485.20469546318054
485.9826138019562
486.7146553993225
487.53546118736267
488.29941725730896
489.1301944255829
489.87619829177856
490.63616585731506
491.3592324256897
492.11720395088196
492.82032346725464
493.52443981170654
494.3322789669037
495.63479566574097
496.42966890335083
497.1786651611328
497.99847173690796
498.79434394836426
499.5353605747223
500.2813651561737
501.0303626060486
501.75741720199585
502.489458322525
503.2175109386444
503.9335958957672
504.70652770996094
505.45652198791504
506.2085106372833
506.9395546913147
507.6646156311035
508.4136116504669
509.1975152492523
509.980420589447
510.6975026130676
511.4205687046051
512.2752821445465
513.0661673545837
513.8181545734406
514.6309804916382
515.4667451381683
516.2606213092804
517.0295648574829
517.7645981311798
518.4707102775574
519.2057435512543
519.9377844333649
520.638909816742
521.4128406047821
522.134907245636
522.9058454036713
523.6588323116302
524.3818972110748
525.1139392852783
525.850967168808
526.5979688167572
527.3060746192932
528.0510816574097
528.8030700683594
529.5680239200592
530.2861032485962
531.0400862693787
531.8499212265015
532.5879459381104
533.9513006210327
534.6713733673096
535.4153821468353
536.2651102542877
537.11683177948
537.8568515777588
538.6616990566254
539.4136874675751
540.2723908424377
541.1181282997131
541.909012556076
542.6600031852722
543.4648506641388
544.2577295303345
545.074544429779
545.8195521831512
546.6603031158447
547.4432091712952
548.223121881485
549.0529026985168
549.8378043174744
550.636666059494
551.4405164718628
552.1954960823059
552.949481010437
553.6745407581329
554.4005978107452
555.1236636638641
555.8656795024872
556.6256461143494
557.3766369819641
558.1326148509979
558.8875958919525
559.6485602855682
560.3676357269287
561.1056621074677
561.8466806411743
562.553787946701
563.2958033084869
564.085690498352
564.8536365032196
565.6325538158417
566.3496346473694
567.1405193805695
567.9314031600952
568.6584579944611
569.4682924747467
570.1913578510284
570.8855011463165
571.6364924907684
572.98388838768
573.6999723911285
574.4070806503296
575.1441090106964
575.8611919879913
576.613180398941
577.329264163971
578.06330037117
578.8571774959564
579.6111598014832
580.381100654602
581.1380763053894
581.8731100559235
582.6001646518707
583.3102650642395
584.0662429332733
584.8272075653076
585.5931580066681
586.4199471473694
587.1719355583191
587.9029805660248
588.655965089798
589.4119439125061
590.1599428653717
590.9727687835693
591.7387194633484
592.5036728382111
593.2267396450043
593.9996709823608
594.7775905132294
595.5086357593536
596.2207307815552
597.0046327114105
597.7187232971191
598.4886636734009
599.2845349311829
600.039514541626
600.8722877502441
601.6502070426941
602.4111702442169
603.1890902519226
603.935094833374
604.6751143932343
605.4091508388519
606.1272306442261
606.846307516098
607.5653834342957
608.3482890129089
609.0853173732758
609.8043944835663
611.0759923458099
611.8289778232574
612.6088924407959
613.4047639369965
614.2225761413574
615.0872621536255
615.8442375659943
616.5882470607758
617.3103165626526
618.0832481384277
618.9798498153687
619.771731376648
620.485821723938
621.2687273025513
622.0645985603333
622.8365335464478
623.5665805339813
624.3415076732635
625.0366477966309
625.7826523780823
626.4857733249664
627.279648065567
628.0306396484375
628.745726108551
629.4727811813354
630.2068181037903
630.9089398384094
631.617045879364
632.341109752655
633.0801320075989
633.8690218925476
634.674866437912
635.4388234615326
636.1818351745605
636.9428007602692
637.7057583332062
638.4886643886566
639.2536189556122
640.0425074100494
640.7326622009277
641.4567248821259
642.2037265300751
642.9028613567352
643.6857619285583
644.4367544651031
645.1408698558807
645.9008369445801
646.6927196979523
647.4177806377411
648.1807379722595
649.3156471252441
649.3505575656891
649.380473613739
649.4079303741455
649.4368529319763
649.4657742977142
649.4937000274658
649.522622346878
649.5425698757172
649.5625174045563
649.5824620723724
649.6014115810394
649.6213550567627
649.6413066387177
649.6612515449524
649.6811981201172
649.7005836963654
649.7205801010132
649.7404782772064
649.7604284286499
649.7813723087311
649.8013143539429
649.821261882782
649.8412132263184
649.860161781311
649.8801083564758
649.9000499248505
649.9189994335175
649.9389803409576
649.9589273929596
649.9788727760315
649.9978234767914
650.0177690982819
650.037682056427
650.0566682815552
650.0765829086304
650.0965294837952
650.1155066490173
650.1354551315308
650.1554043292999
650.1743178367615
650.194299697876
650.2142145633698
650.2341613769531
650.2531588077545
650.2730569839478
650.293004989624
650.3129506111145
650.3318998813629
650.3518888950348
650.9010088443756
650.9209554195404
650.9399328231812
650.9598836898804
650.979798078537
650.9987473487854
651.0186939239502
651.038640499115
651.0575847625732
651.0775701999664
651.0974833965302
651.1174261569977
651.1364262104034
651.1553566455841
651.1763083934784
651.1962199211121
651.2151684761047
651.2351100444794
651.255090713501
651.2750046253204
651.2939534187317
651.3139045238495
651.3328824043274
651.3528003692627
651.3727469444275
651.3926885128021
651.4116699695587
651.4315893650055
651.4505677223206
651.4705197811127
651.4894344806671
651.5093815326691
651.5293562412262
651.5492696762085
651.5692534446716
651.5882041454315
651.6081144809723
651.6281054019928
651.6470460891724
651.666996717453
651.6869015693665
651.7068576812744
651.725802898407
651.7457492351532
651.765695810318
651.7846403121948
651.8055894374847
651.824539899826
651.8445165157318
651.8644602298737
