12.214675903320312
11.67341136932373
11.132144927978516
10.59088134765625
10.049613952636719
9.508350372314453
8.967083930969238
8.425816535949707
7.884552955627441
7.343289375305176
6.802022457122803
6.26075553894043
5.719491958618164
5.17822790145874
4.636960983276367
4.095694541931152
4.545906066894531
4.423715114593506
3.9998559951782227
3.351743459701538
2.620880365371704
3.435169219970703
3.784489631652832
3.777843713760376
3.4893319606781006
3.328345775604248
3.4740283489227295
3.5467803478240967
3.5547361373901367
3.505053997039795
3.404040575027466
3.3702359199523926
3.113797187805176
2.8454885482788086
3.0123472213745117
3.1967103481292725
3.1154184341430664
2.868969678878784
2.846179962158203
3.038933753967285
3.117880344390869
2.951910972595215
2.8947086334228516
2.9241890907287598
3.068162441253662
3.0191330909729004
2.7462096214294434
2.8675765991210938
3.0623526573181152
3.0162289142608643
2.7579216957092285
2.832627296447754
3.0157864093780518
2.9670820236206055
2.7683839797973633
2.796119451522827
2.766798496246338
2.753488779067993
2.5858163833618164
2.6734976768493652
2.6453256607055664
2.7512476444244385
2.6834845542907715
2.732795476913452
2.7658491134643555
2.5981574058532715
2.773480176925659
2.758854627609253
2.671626091003418
2.8589189052581787
2.8787522315979004
2.690920352935791
2.8269946575164795
2.9572339057922363
2.871243715286255
2.659142017364502
2.859015703201294
2.931849718093872
2.7962982654571533
2.67041015625
2.7590975761413574
2.668863534927368
2.6661767959594727
2.6096270084381104
2.6507110595703125
2.680964708328247
2.829800605773926
2.7973010540008545
2.789762496948242
2.815234661102295
2.8145580291748047
2.7018144130706787
2.6238739490509033
2.632659673690796
2.6721537113189697
2.688565731048584
2.6839077472686768
2.6255874633789062
2.6261985301971436
2.668023109436035
2.6515378952026367
2.644641637802124
2.633021831512451
2.6441545486450195
2.6400179862976074
2.6157379150390625
2.608811855316162
2.6061906814575195
2.6288061141967773
2.6298999786376953
2.6102752685546875
2.5960774421691895
2.608966827392578
2.6227474212646484
2.6208014488220215
2.610036849975586
2.5998785495758057
2.6005239486694336
2.6054859161376953
2.5894641876220703
2.5904922485351562
2.601318120956421
2.5906965732574463
2.5854439735412598
2.605757236480713
2.604764699935913
2.583664655685425
2.6006011962890625
2.6155948638916016
2.6090054512023926
2.5830836296081543
2.605316162109375
2.6242196559906006
2.6213316917419434
2.5989174842834473
2.5861546993255615
2.602259874343872
2.597033977508545
2.577564239501953
2.5890378952026367
2.5842368602752686
2.5848746299743652
2.586808681488037
2.583134174346924
2.5976598262786865
2.5974035263061523
2.5785951614379883
2.5799379348754883
2.5750250816345215
2.57578182220459
33.736541748046875
33.21671676635742
32.51872253417969
31.69696807861328
30.798381805419922
29.836780548095703
28.827577590942383
27.78330421447754
26.714693069458008
25.632183074951172
24.536949157714844
23.430307388305664
22.31977653503418
21.209081649780273
20.10033416748047
18.991050720214844
17.911640167236328
16.932186126708984
16.01190948486328
15.172111511230469
14.435285568237305
13.758672714233398
13.125313758850098
12.528064727783203
11.960371971130371
11.406075477600098
10.856657981872559
10.318739891052246
9.790094375610352
9.29648208618164
8.847614288330078
8.426910400390625
8.02402400970459
7.629105567932129
7.241650581359863
6.8686418533325195
6.53447151184082
6.238344192504883
5.970742225646973
5.75335693359375
5.5836896896362305
5.428707599639893
5.267175674438477
5.09675931930542
4.914434432983398
4.724469184875488
4.534643173217773
4.369321346282959
4.243320465087891
4.144118785858154
4.055272102355957
3.965061902999878
3.864610195159912
3.760504722595215
3.668722152709961
3.5957210063934326
3.545860528945923
3.514407157897949
3.487696647644043
3.4536728858947754
3.4081368446350098
3.3554444313049316
3.2993123531341553
3.2448127269744873
3.2035772800445557
3.1840789318084717
3.179699420928955
3.17795467376709
3.1711268424987793
3.160630702972412
3.1493489742279053
3.1380553245544434
3.126232862472534
3.111863851547241
3.1017191410064697
3.0886483192443848
3.0720956325531006
3.0569708347320557
3.0472960472106934
3.0451111793518066
3.0461580753326416
3.0455784797668457
3.0422422885894775
3.0385587215423584
3.032210111618042
3.024782657623291
3.017845869064331
3.013343095779419
3.0101287364959717
3.008929491043091
3.007498025894165
3.0073461532592773
3.0056352615356445
3.0062060356140137
3.0042126178741455
3.000654935836792
2.9981422424316406
2.9970741271972656
2.997239828109741
2.9962992668151855
2.9956867694854736
2.9951515197753906
2.9947052001953125
2.994459390640259
2.994123935699463
2.992582321166992
2.991302013397217
2.990657329559326
2.99102520942688
2.9911093711853027
2.9903759956359863
2.991119146347046
2.9907240867614746
2.9894537925720215
2.990351676940918
2.9891927242279053
2.98982834815979
2.9901576042175293
2.98868727684021
2.9883487224578857
2.9877853393554688
2.989046096801758
2.989098310470581
2.9871509075164795
2.9871888160705566
2.986830711364746
2.986626148223877
2.9866421222686768
2.9872989654541016
2.9869883060455322
2.9872491359710693
2.9871339797973633
2.9869227409362793
2.9879705905914307
2.9870386123657227
2.9863829612731934
2.986569881439209
2.9859015941619873
2.987647294998169
2.9876017570495605
2.985628366470337
2.985603094100952
2.9856796264648438
2.9854846000671387
2.985753297805786
2.9854001998901367
2.9865381717681885
2.9855146408081055
2.9859676361083984
2.986438274383545
2.9850375652313232
2.9850189685821533
2.984945297241211
2.9848175048828125
2.984761953353882
2.984631061553955
2.984541893005371
2.98447322845459
2.9843597412109375
2.9842007160186768
2.9840004444122314
2.9839560985565186
2.9838123321533203
2.9838674068450928
2.9839234352111816
2.984027862548828
2.9840755462646484
2.9840548038482666
2.9839718341827393
2.983832359313965
2.9837331771850586
2.9835877418518066
2.98346209526062
2.9834883213043213
2.9833693504333496
2.983395576477051
2.9833614826202393
2.9832756519317627
2.9833004474639893
2.9831807613372803
2.9833273887634277
2.983351945877075
2.983149528503418
2.9831833839416504
2.9832475185394287
2.9831511974334717
2.9829399585723877
2.9829235076904297
2.9829635620117188
2.9829022884368896
2.982926845550537
2.9830024242401123
2.982884645462036
2.9827721118927
2.982924461364746
2.9828624725341797
2.9826810359954834
2.982668161392212
2.9825732707977295
2.982598066329956
2.982564687728882
2.9825572967529297
2.9825024604797363
2.9824349880218506
2.982379674911499
2.9823718070983887
2.9824321269989014
2.9823126792907715
2.9822604656219482
2.9822423458099365
2.9822239875793457
2.982217788696289
2.982177972793579
2.9821128845214844
2.98207688331604
2.9820728302001953
2.9821033477783203
2.9820556640625
2.9820096492767334
2.9819488525390625
2.982008934020996
2.981931209564209
2.982004404067993
2.98207950592041
2.981992483139038
2.9819047451019287
2.9817757606506348
2.98170804977417
2.9817233085632324
2.981698989868164
2.981687307357788
2.981635570526123
2.9815948009490967
2.9815194606781006
2.98164963722229
2.9815773963928223
2.9815216064453125
2.981518268585205
2.9815564155578613
2.9814891815185547
2.9814505577087402
2.9813597202301025
2.9813570976257324
2.98130202293396
2.9814178943634033
2.9813344478607178
2.9813294410705566
2.981412410736084
2.9813456535339355
2.9811244010925293
2.9812843799591064
2.9812965393066406
2.981193780899048
2.981153726577759
2.9811573028564453
2.98118257522583
2.9811501502990723
2.9811577796936035
2.981053590774536
2.9810712337493896
2.981153726577759
2.9811959266662598
2.981208086013794
2.9810972213745117
2.981194257736206
2.981163263320923
2.981070041656494
2.9812917709350586
2.981325149536133
2.981158971786499
2.9811980724334717
2.981383800506592
2.981400489807129
2.981196403503418
2.981102705001831
2.98124361038208
2.981170177459717
2.9811275005340576
2.981156587600708
2.9811129570007324
2.9810268878936768
2.981062412261963
2.981065273284912
2.9810597896575928
2.9811508655548096
2.98106050491333
2.981104850769043
2.981152057647705
2.9809999465942383
2.9811947345733643
2.981285810470581
2.9811534881591797
2.9810147285461426
2.981337070465088
2.981449604034424
2.981351375579834
2.9810686111450195
2.9811818599700928
2.9813830852508545
2.9813499450683594
2.9811136722564697
2.981008529663086
2.9812376499176025
2.9813168048858643
2.981186628341675
2.98091983795166
2.981241464614868
2.981330394744873
2.981204032897949
2.9809069633483887
2.9812090396881104
2.981321334838867
2.9812259674072266
2.9809470176696777
2.9812355041503906
2.9814364910125732
2.9814043045043945
2.98116397857666
2.9809534549713135
2.981121063232422
2.9810805320739746
2.9809184074401855
2.9809658527374268
2.980905771255493
2.980895757675171
2.9808602333068848
2.980973243713379
2.980874538421631
2.98106050491333
2.9811179637908936
2.980977773666382
2.9809646606445312
2.981043815612793
2.980931520462036
2.980872392654419
2.980858087539673
2.980865240097046
2.980902671813965
2.980849027633667
2.9809935092926025
2.9810214042663574
2.9809012413024902
2.9809396266937256
2.9809107780456543
2.980877161026001
2.98087739944458
2.9808757305145264
2.980959415435791
2.9808647632598877
2.9808297157287598
108.22891235351562
103.66571044921875
98.90548706054688
94.24449157714844
90.17848205566406
87.291259765625
84.64212799072266
81.91937255859375
79.56322479248047
76.86141204833984
74.10948944091797
71.42643737792969
68.6395034790039
65.95417022705078
63.493873596191406
61.181671142578125
58.802024841308594
56.63384246826172
54.455039978027344
52.36102294921875
50.408905029296875
48.282711029052734
46.04782485961914
43.86457824707031
41.61069869995117
39.62335968017578
37.70598602294922
35.8104248046875
34.01150131225586
32.622955322265625
31.197357177734375
29.60188865661621
28.36886215209961
26.913381576538086
25.392900466918945
23.803415298461914
22.660293579101562
21.43770408630371
20.07537841796875
19.000011444091797
17.91115951538086
16.741443634033203
15.608123779296875
14.500823974609375
13.354037284851074
12.2423095703125
11.668327331542969
11.002252578735352
10.10659122467041
9.117271423339844
8.040396690368652
7.025641441345215
6.146444320678711
5.657533645629883
5.456585884094238
5.252923011779785
5.155436038970947
5.2763471603393555
5.250752925872803
5.2343339920043945
5.435456275939941
5.554281234741211
5.514652729034424
5.2855706214904785
5.160909175872803
5.152122974395752
5.190008640289307
5.069890022277832
5.126615524291992
5.102341651916504
4.856142520904541
4.5955705642700195
4.525714874267578
4.330897808074951
4.231513500213623
4.3116135597229
4.2017741203308105
4.035395622253418
3.969101905822754
3.9326634407043457
3.905411720275879
3.8413472175598145
3.8619556427001953
3.6697747707366943
3.5616257190704346
3.5853354930877686
3.5815463066101074
3.4981303215026855
3.418064832687378
3.3722057342529297
3.414599657058716
3.396754026412964
3.3990118503570557
3.397798776626587
3.281337261199951
3.2546188831329346
3.3156886100769043
3.3330869674682617
3.363588571548462
3.241103172302246
3.2740519046783447
3.2700071334838867
3.2246549129486084
3.169612407684326
3.1324033737182617
3.201467990875244
3.205294132232666
3.0993332862854004
3.0582029819488525
3.1959030628204346
3.3164021968841553
3.1551907062530518
3.046552896499634
3.025416135787964
3.071051597595215
3.0547661781311035
3.015329122543335
2.947322130203247
2.8266546726226807
2.82975435256958
2.8413853645324707
2.845647096633911
2.8139781951904297
2.848707437515259
2.85066556930542
2.815133571624756
2.70401668548584
2.8022162914276123
2.8753604888916016
2.8654944896698
2.734402656555176
2.6812222003936768
2.782907485961914
2.792137622833252
2.6659188270568848
2.6791841983795166
2.7203316688537598
2.775482177734375
2.809447765350342
2.8312478065490723
2.7709827423095703
2.756718158721924
2.73705792427063
2.701892375946045
2.635270595550537
2.4930853843688965
2.627319812774658
2.6940805912017822
2.6458356380462646
2.650153160095215
27.090272903442383
26.98792839050293
26.842519760131836
26.68763542175293
26.53727149963379
26.413654327392578
26.29793357849121
26.218708038330078
26.154756546020508
26.098941802978516
26.04315757751465
25.990909576416016
25.948667526245117
25.922622680664062
25.910964965820312
25.91022491455078
25.905929565429688
25.89068603515625
25.869152069091797
25.839731216430664
25.810211181640625
25.781497955322266
25.756040573120117
25.73536491394043
25.722618103027344
25.727018356323242
25.736047744750977
25.739145278930664
25.738162994384766
25.73686981201172
25.732868194580078
25.727252960205078
25.720502853393555
25.719451904296875
25.712827682495117
25.71263885498047
25.71497917175293
25.71776580810547
25.72434425354004
25.725223541259766
25.728939056396484
25.726665496826172
25.727569580078125
25.724380493164062
25.713106155395508
25.7098445892334
25.708721160888672
25.703332901000977
25.69826316833496
25.695894241333008
25.69473648071289
25.691312789916992
25.688283920288086
25.686429977416992
25.68680763244629
25.686241149902344
25.687894821166992
25.686222076416016
25.685855865478516
25.689659118652344
25.691131591796875
25.691781997680664
25.691556930541992
25.691593170166016
25.692075729370117
25.690654754638672
25.68831443786621
25.684322357177734
25.684707641601562
25.68465232849121
25.686017990112305
25.685537338256836
25.684410095214844
25.68393898010254
25.68313980102539
25.681804656982422
25.68023109436035
25.67932891845703
25.679780960083008
25.6800594329834
25.680728912353516
25.67993927001953
25.679414749145508
25.6785831451416
25.678619384765625
25.67911148071289
25.67967414855957
25.679298400878906
25.679059982299805
25.679153442382812
25.680198669433594
25.680397033691406
25.67981719970703
25.679630279541016
25.679763793945312
25.679107666015625
25.67879295349121
25.67819595336914
25.677949905395508
25.677522659301758
25.677021026611328
25.676719665527344
25.676464080810547
25.67530059814453
25.674739837646484
25.674400329589844
25.674888610839844
25.67474937438965
25.67521858215332
25.67504119873047
25.675235748291016
25.675151824951172
25.67488670349121
25.674711227416992
25.674537658691406
25.674665451049805
25.673551559448242
25.67336654663086
25.67287254333496
25.672534942626953
25.67328643798828
25.673437118530273
25.673269271850586
25.672786712646484
25.672916412353516
25.67241668701172
25.671297073364258
25.67144012451172
25.67125701904297
25.67186164855957
25.67169952392578
25.671836853027344
25.671649932861328
25.671175003051758
25.670061111450195
25.670196533203125
25.669921875
25.670312881469727
25.670137405395508
25.67026710510254
25.670093536376953
25.669607162475586
25.668500900268555
25.66863441467285
25.668460845947266
25.668907165527344
25.668724060058594
25.668872833251953
25.668701171875
25.668209075927734
25.667085647583008
24.858192443847656
24.054088592529297
23.242576599121094
22.432220458984375
21.62826919555664
20.831254959106445
20.040193557739258
19.275278091430664
18.53317642211914
17.81810760498047
17.12220001220703
16.42742156982422
15.718035697937012
15.041921615600586
14.39047622680664
13.752761840820312
13.186016082763672
12.647420883178711
12.140604019165039
11.697687149047852
11.322757720947266
10.980250358581543
10.635635375976562
10.290460586547852
9.956945419311523
9.643357276916504
9.36351203918457
9.114851951599121
8.888752937316895
8.664253234863281
8.451214790344238
8.248626708984375
8.083894729614258
7.932641983032227
7.780800819396973
7.629673957824707
7.471431732177734
7.305056571960449
7.135202407836914
6.975709915161133
6.8291826248168945
6.697357177734375
6.580329895019531
6.461062908172607
6.330067157745361
6.18855619430542
6.038361549377441
5.894274711608887
5.7733564376831055
5.680740833282471
5.600394248962402
5.529544353485107
5.467330455780029
5.410906791687012
5.348911762237549
5.281191349029541
5.209786415100098
5.142865180969238
5.086063385009766
5.041980743408203
5.001245021820068
4.969045162200928
4.941383361816406
4.91850471496582
4.895689010620117
4.870143890380859
4.844195365905762
4.825008869171143
4.81192684173584
4.801666259765625
4.793331146240234
4.783830642700195
4.77094030380249
4.761495113372803
4.755902290344238
4.750953197479248
4.743808746337891
4.733234405517578
4.721559524536133
4.711100101470947
4.701414585113525
4.692159652709961
4.684746742248535
4.677974700927734
4.670354843139648
4.661591053009033
4.65129280090332
4.640459060668945
4.630027770996094
4.620006561279297
4.6101861000061035
4.602449417114258
4.596892356872559
4.592737197875977
4.58889102935791
4.585650444030762
4.582094669342041
4.577477931976318
4.5730719566345215
4.569489479064941
4.561245441436768
4.55264139175415
4.542382717132568
4.532574653625488
4.521124839782715
4.511891841888428
4.5074381828308105
4.504648685455322
4.501833915710449
4.502800941467285
4.505409240722656
4.506793022155762
4.508048057556152
4.508000373840332
4.506863117218018
4.504079818725586
4.500080108642578
4.496486663818359
4.492478847503662
4.488712787628174
4.485992908477783
4.485299110412598
4.4859299659729
4.4872355461120605
4.488046646118164
4.487939834594727
4.487032413482666
4.485832214355469
4.484654426574707
4.4831624031066895
4.4819536209106445
4.482045650482178
4.481066703796387
4.482715606689453
4.482622146606445
4.482336521148682
4.481945991516113
4.481481075286865
4.48015832901001
4.4796929359436035
4.479450702667236
4.477739334106445
4.477231979370117
4.4768900871276855
4.478631019592285
4.478798866271973
4.4788103103637695
4.479455471038818
4.479325294494629
4.47932767868042
4.479039192199707
4.478208065032959
4.478357791900635
4.478562355041504
4.479233264923096
4.479158401489258
4.478789329528809
4.479192733764648
4.480254173278809
4.479824542999268
4.480083465576172
4.479815483093262
4.480294227600098
4.481222152709961
4.480240345001221
4.479581832885742
4.479857921600342
4.480502128601074
4.480894565582275
4.4802327156066895
4.48018217086792
4.481075286865234
4.48100471496582
4.48092794418335
4.480855941772461
4.480800628662109
4.480740547180176
4.480283737182617
4.4806365966796875
4.480252265930176
4.4800896644592285
4.480754852294922
4.480393409729004
4.480997085571289
4.480491638183594
4.480742931365967
4.480896949768066
4.48091983795166
4.48092794418335
4.480898857116699
4.480459690093994
4.481234073638916
4.481168746948242
4.480871200561523
4.480813026428223
4.480714321136475
4.480972766876221
4.4807353019714355
4.480659008026123
4.48060417175293
4.48037052154541
4.480657577514648
4.480650901794434
4.480523109436035
4.48015022277832
4.480342864990234
4.4802751541137695
4.480530261993408
4.480356693267822
4.479841709136963
4.479475498199463
4.479426383972168
4.479395866394043
4.479093551635742
4.479053020477295
4.479007244110107
4.478954315185547
4.478568077087402
4.478999614715576
4.47894287109375
4.478858947753906
4.478820323944092
4.479257583618164
4.479028224945068
4.478734016418457
4.47988748550415
4.479641914367676
4.479520320892334
4.480007648468018
4.4797749519348145
4.478765964508057
4.478618621826172
4.4785590171813965
4.478272914886475
4.477863788604736
4.477862358093262
4.477458477020264
4.477642059326172
4.476800918579102
4.476688385009766
4.476572036743164
4.476512908935547
4.476264476776123
4.476371765136719
4.475600242614746
4.475594520568848
4.475429058074951
4.475708484649658
4.475691318511963
4.475215911865234
4.475815773010254
4.475449562072754
4.475058555603027
4.475010871887207
4.475275039672852
4.475196838378906
4.474973201751709
4.475168704986572
4.474915504455566
4.474705219268799
4.475113868713379
4.474969863891602
4.475446701049805
4.47542142868042
4.4753923416137695
4.475703716278076
4.4756669998168945
4.476004600524902
4.476112365722656
4.4759955406188965
4.47608757019043
4.474977493286133
4.4749226570129395
4.474891185760498
4.475203037261963
4.475118160247803
4.475098133087158
4.475473403930664
4.475439071655273
4.475414752960205
4.475544452667236
4.47551155090332
4.475480556488037
4.47512674331665
4.475096702575684
4.475369930267334
4.475338935852051
4.475179672241211
4.475822925567627
4.476036071777344
4.476041793823242
4.475769996643066
4.4758076667785645
4.475667953491211
4.475017547607422
4.4755635261535645
4.47585916519165
4.475259780883789
4.475222110748291
4.4751763343811035
4.47535514831543
4.475330829620361
4.474447727203369
4.474432945251465
4.4749298095703125
4.474660396575928
4.474924564361572
4.474525451660156
4.4745073318481445
4.474534034729004
4.474194049835205
4.474174976348877
4.474137306213379
4.474235534667969
4.473875522613525
4.473701000213623
4.4735565185546875
4.473515510559082
4.474097728729248
4.474438667297363
4.474693775177002
4.474369049072266
4.474156856536865
4.47389030456543
4.473834991455078
4.473758697509766
4.4736785888671875
4.473611354827881
4.474512100219727
4.474176406860352
4.474126815795898
4.474066734313965
4.474018096923828
4.473971843719482
4.4749250411987305
4.473886966705322
4.4738545417785645
4.473826885223389
4.473821640014648
4.4737958908081055
4.4737653732299805
4.473671913146973
4.473577499389648
4.475086212158203
4.473753452301025
4.47371244430542
4.473777770996094
4.473989963531494
4.473999500274658
4.473960876464844
4.474302291870117
4.474303722381592
4.474300384521484
4.474609375
4.47413444519043
4.473844528198242
4.473834991455078
4.474948406219482
4.475734710693359
4.475586891174316
4.474825382232666
4.4748148918151855
4.474776268005371
4.474769592285156
4.474934101104736
4.474792003631592
4.474279403686523
4.47507905960083
4.474847793579102
4.474902629852295
4.475698471069336
4.475437164306641
4.475576400756836
4.4751081466674805
4.474668502807617
4.475041389465332
4.475235462188721
4.474954128265381
4.475213527679443
4.476025104522705
4.4750261306762695
4.474977016448975
4.4750261306762695
4.474745750427246
4.474429607391357
4.4746599197387695
4.47412109375
4.474034786224365
4.473952293395996
4.473757266998291
4.473671913146973
4.4730706214904785
4.4736528396606445
4.473698616027832
4.473339557647705
4.4741034507751465
4.474850654602051
4.473917007446289
4.473757266998291
0.6352192163467407
0.6268929243087769
0.6196515560150146
0.6130881309509277
0.6071877479553223
0.6015929579734802
0.5965366959571838
0.5920804738998413
0.5879440307617188
0.5840739011764526
0.5804768800735474
0.5771447420120239
0.5740343332290649
0.5712929368019104
0.5688994526863098
0.5669007897377014
0.5654046535491943
0.5642538666725159
0.5634998679161072
0.5631313920021057
0.5633078813552856
0.5633458495140076
0.5629616379737854
0.5624775290489197
0.5618964433670044
0.5613225698471069
0.560792088508606
0.560267448425293
0.5598573684692383
0.559579610824585
0.5594916343688965
0.5595216751098633
0.5596161484718323
0.5596126317977905
0.5594918131828308
0.559300422668457
0.5591191053390503
0.5589324831962585
0.5587332844734192
0.5586310625076294
0.5585669279098511
0.5585437417030334
0.5585392117500305
0.5585254430770874
0.558443009853363
0.5583441257476807
0.5582889318466187
0.5581745505332947
0.5580971837043762
0.5580642223358154
0.5581050515174866
0.5581158995628357
0.558050274848938
0.5580220222473145
0.5579511523246765
0.5578852891921997
0.5578808784484863
0.5579097270965576
0.5579150915145874
0.5579038858413696
0.5578515529632568
0.5577940940856934
0.5578472018241882
0.5579086542129517
0.557888388633728
0.5578325986862183
0.5578020811080933
0.5577906370162964
0.5578410625457764
0.5578392744064331
0.5577738285064697
0.5577462911605835
0.5577405095100403
0.5577626824378967
0.5577758550643921
0.5577458739280701
0.5577132105827332
0.557716965675354
0.5577263236045837
0.5577365159988403
0.5577064156532288
0.5577020049095154
0.5577211380004883
0.5577305555343628
0.5577197074890137
0.5577230453491211
0.557749330997467
0.5577386021614075
0.5577556490898132
0.5577408671379089
0.5577086806297302
0.5577287673950195
0.5577532052993774
0.5577642917633057
0.5577458739280701
0.557726263999939
0.5577191114425659
0.5577223300933838
0.5577479004859924
0.5577360987663269
