2.264435052871704
2.418025016784668
2.5766007900238037
2.729191541671753
2.875800609588623
3.0283915996551514
3.2039217948913574
3.3674845695495605
3.529052734375
3.6816439628601074
3.828251838684082
3.985830545425415
4.135430097579956
4.282037973403931
4.429643392562866
4.582234859466553
4.733829498291016
4.879440069198608
5.026047706604004
5.175647497177124
5.3282389640808105
5.47783899307251
5.621454954147339
5.769060134887695
5.931625127792358
6.094190359115601
6.244787693023682
6.391395330429077
6.53700590133667
6.692590713500977
6.861138820648193
7.017720699310303
7.173303842544556
7.324898958206177
7.477490186691284
7.639057874679565
7.810599327087402
7.973164796829224
8.135729551315308
8.296301126480103
8.459863662719727
8.649356365203857
8.80992579460144
8.969499111175537
9.126080751419067
9.27568006515503
9.43126392364502
9.591834783554077
9.744426488876343
9.904000043869019
10.770681142807007
10.928260087966919
11.089827299118042
11.244413614273071
11.397005558013916
11.552589178085327
11.809901237487793
11.959501504898071
12.11807656288147
12.267676591873169
12.484097480773926
12.714481353759766
12.869067907333374
13.02265739440918
13.181232929229736
13.33282732963562
13.489408493041992
13.645989656448364
13.856429100036621
14.042927980422974
14.195520877838135
14.352101564407349
14.510676622390747
14.664265632629395
14.83480954170227
14.985406875610352
15.144980430603027
15.310537099838257
15.467118501663208
15.650627374649048
15.808205842971802
15.972765684127808
16.132339239120483
16.294904470443726
16.465447664260864
16.731735944747925
16.886322498321533
17.07282280921936
17.2214252948761
17.38000226020813
17.54057240486145
17.725077867507935
17.950475692749023
18.100075244903564
18.278598070144653
18.436177015304565
18.630655765533447
18.79920482635498
18.952793836593628
19.147274255752563
20.05001449584961
20.26842999458313
20.449944496154785
20.636447191238403
20.799012660980225
20.96157741546631
21.16004490852356
21.321614503860474
21.484178066253662
21.661704778671265
21.815293312072754
21.965891361236572
22.133441925048828
22.298999786376953
22.474530935287476
22.629115343093872
22.79068374633789
22.947264194488525
23.109830141067505
23.28934955596924
23.450919151306152
23.60849690437317
23.774053812026978
23.930633783340454
24.08223009109497
24.23182964324951
24.385417222976685
24.541999578475952
24.6955885887146
24.871119499206543
25.037673234939575
25.209247589111328
25.37178063392639
25.535341262817383
25.694916009902954
25.846508741378784
26.002093076705933
26.15767741203308
26.312264680862427
26.465854167938232
26.63639760017395
26.797963619232178
26.964519500732422
27.118109226226807
27.295632362365723
27.45221447944641
27.60879635810852
27.768368005752563
27.919963836669922
28.08452296257019
28.944257497787476
29.094820499420166
29.26237154006958
29.430959939956665
29.581517696380615
29.73410964012146
29.887698650360107
30.039294958114624
30.1978702545166
30.35345435142517
30.52798843383789
30.680577993392944
30.831176042556763
30.98376703262329
31.15131974220276
31.314881086349487
31.47046661376953
31.62405514717102
31.78063654899597
31.93222975730896
32.08282828330994
32.237415075302124
32.38801145553589
32.551573276519775
32.70815396308899
32.859750270843506
33.0402672290802
33.19585037231445
33.3863410949707
33.53693747520447
33.69950270652771
33.8540894985199
34.00368928909302
34.14930081367493
34.308873414993286
34.498366832733154
34.66591811180115
34.8224983215332
34.97908020019531
35.136658668518066
35.28925132751465
35.44284105300903
35.613383054733276
35.7699658870697
35.93352746963501
36.084123849868774
36.23671555519104
36.3853178024292
36.538907051086426
36.694490909576416
37.558775424957275
37.710368633270264
37.86196446418762
38.05245494842529
38.20305275917053
38.37359666824341
38.52618646621704
38.67379307746887
38.83037257194519
38.977978467941284
39.126580476760864
39.28415894508362
39.43176531791687
39.59433078765869
39.74791955947876
39.89951276779175
40.11892652511597
40.26852750778198
40.41812562942505
40.56672954559326
40.71333599090576
40.86891961097717
41.05342769622803
41.20402407646179
41.36758637428284
41.526161670684814
41.67376732826233
41.82635974884033
41.98294115066528
42.13054656982422
42.28413486480713
42.432737827301025
42.58532953262329
42.73692464828491
42.890511989593506
43.040112018585205
43.19469976425171
43.37621235847473
43.53179860115051
43.67940163612366
43.83000040054321
43.98757886886597
44.13617992401123
44.289769649505615
44.444355487823486
44.61490035057068
44.76549792289734
44.929059982299805
45.08165097236633
45.24122381210327
46.09833598136902
46.24793577194214
46.40052604675293
46.55212473869324
46.69872832298279
46.852317810058594
47.00690531730652
47.16049408912659
47.31308555603027
47.46966624259949
47.620264768600464
47.77185821533203
47.94140577316284
48.08901071548462
48.268529415130615
48.429100036621094
48.58368635177612
48.73727536201477
48.8868772983551
49.045450925827026
49.19904041290283
49.347644090652466
49.54711031913757
49.699702501297
49.85229420661926
50.00787830352783
50.151493072509766
50.31705093383789
50.46665048599243
50.66013169288635
50.811726093292236
50.96731090545654
51.11591386795044
51.26950287818909
51.42412185668945
51.57568359375
51.72927212715149
51.88884472846985
52.04043960571289
52.19103813171387
52.37753772735596
52.53312349319458
52.68072724342346
52.870219707489014
53.078662633895874
53.2292594909668
53.38185143470764
53.53344655036926
53.716954946517944
53.86854934692383
54.77113485336304
54.939685583114624
55.09327411651611
55.250852823257446
55.4213969707489
55.57398724555969
55.73954463005066
55.98788022994995
56.14147090911865
56.316999673843384
56.46959161758423
56.62118649482727
56.76879644393921
56.923383951187134
57.077964305877686
57.23255205154419
57.42802906036377
57.59258818626404
57.7451810836792
57.925697326660156
58.08527183532715
58.24085569381714
58.39344668388367
58.54504060745239
58.73752498626709
58.901087522506714
59.05168533325195
59.20228314399719
59.36185574531555
59.537386655807495
59.68898010253906
59.85353970527649
60.000147342681885
60.15473389625549
60.30533242225647
60.45692586898804
60.612510681152344
60.76210904121399
60.91968774795532
61.076268911361694
61.22586917877197
61.38843512535095
61.5410270690918
61.700599193573
61.89906883239746
62.051661252975464
62.203258991241455
62.355846643447876
62.514421701431274
62.665019035339355
63.554267168045044
63.712841749191284
63.86344027519226
64.06988787651062
64.23744440078735
64.39003014564514
64.56655859947205
64.73610520362854
64.91263246536255
65.07220602035522
65.23975825309753
65.3903558254242
65.54197573661804
65.70052528381348
65.8670814037323
66.04061555862427
66.20218443870544
66.36075854301453
66.51634478569031
66.68788504600525
66.85942459106445
67.02298855781555
67.18555331230164
67.33914160728455
67.4877438545227
67.6503095626831
67.810879945755
67.97643637657166
68.1409969329834
68.2925922870636
68.45715284347534
68.60974407196045
68.76133847236633
68.90595149993896
69.05654740333557
69.21711850166321
69.36871337890625
69.52429723739624
69.68087720870972
69.8344669342041
69.99005031585693
70.14563393592834
70.29726147651672
70.47774720191956
70.63532423973083
70.7889142036438
70.94848799705505
71.13897824287415
71.29256629943848
71.44515872001648
72.34112691879272
72.4857394695282
72.64232087135315
72.79391479492188
72.94152045249939
73.09810090065002
73.24869894981384
73.40428185462952
73.55388259887695
73.71844172477722
73.8750228881836
74.05653715133667
74.20912957191467
74.36371612548828
74.51530981063843
74.66890001296997
74.82348585128784
74.97707533836365
75.21643543243408
75.37002372741699
75.52361297607422
75.67221522331238
75.89162874221802
76.04721236228943
76.19581532478333
76.36436367034912
76.51595878601074
76.66755318641663
76.82313656806946
76.9727373123169
77.12233662605286
77.29587244987488
77.44646978378296
77.59806418418884
77.75265073776245
77.90025568008423
78.0588309764862
78.24134302139282
78.39592933654785
78.54952049255371
78.70410561561584
78.91254806518555
79.07012701034546
79.2306969165802
79.39226412773132
79.54585385322571
79.7004406452179
79.8490424156189
79.9976453781128
80.15522336959839
81.0546498298645
81.20524716377258
81.39474034309387
81.56428694725037
81.71787548065186
81.87645149230957
82.03901696205139
82.19659566879272
82.35018539428711
82.49778985977173
82.64838671684265
82.80197668075562
82.9545681476593
83.1091537475586
83.29665279388428
83.49711585044861
83.65070629119873
83.80030560493469
83.94591617584229
84.09551525115967
84.25209641456604
84.40668272972107
84.55428814888
84.71685361862183
84.87343430519104
85.02702474594116
85.18360471725464
85.34018659591675
85.49776458740234
85.66731214523315
85.81391859054565
85.96651101112366
86.11411690711975
86.26371598243713
86.41630792617798
86.5688989162445
86.72348642349243
86.90500164031982
87.05858969688416
87.21118187904358
87.36676478385925
87.55226922035217
87.70585894584656
87.85246634483337
88.0030632019043
88.15465760231018
88.31323337554932
88.46383047103882
88.61742043495178
88.79095554351807
90.47644639015198
91.51167702674866
92.48008704185486
93.53426742553711
94.54157280921936
95.46609926223755
96.4893627166748
97.46475291252136
98.41620779037476
99.46440434455872
100.5135977268219
101.4770200252533
102.60999083518982
103.58338642120361
104.56875109672546
105.51621556282043
106.45071649551392
107.37324857711792
108.29777503013611
109.25920391082764
110.27149701118469
111.20001173019409
112.11257028579712
113.02413201332092
113.93968272209167
115.03275966644287
115.98221969604492
116.92569541931152
117.86917233467102
118.82561302185059
119.76510119438171
120.80930709838867
121.72984433174133
122.66933107376099
123.59286093711853
124.53833246231079
125.67628765106201
126.76038861274719
127.79162979125977
128.8547854423523
129.856107711792
130.76766848564148
131.89465475082397
132.8161904811859
133.73572945594788
134.67022943496704
135.64362597465515
136.58809900283813
137.5166153907776
138.53788328170776
140.1276307106018
141.0471715927124
141.96072793006897
142.9510781764984
143.86762642860413
144.80312418937683
145.98212385177612
147.1480050086975
148.09946131706238
149.05291104316711
150.04824829101562
151.03460931777954
152.11272501945496
153.17488384246826
154.15127301216125
155.15957498550415
156.21275854110718
157.21607542037964
158.1824893951416
159.10202884674072
160.12728667259216
161.12066316604614
162.2376410961151
163.3317141532898
164.32007026672363
165.3383469581604
166.28182315826416
167.3350067138672
168.39616680145264
169.34762167930603
170.3409652709961
171.27446913719177
172.2269196510315
173.16939878463745
174.18767499923706
175.17702913284302
176.172367811203
177.17269134521484
178.14409136772156
179.13544082641602
180.08091139793396
181.09819054603577
182.26407051086426
183.26838397979736
184.25773811340332
185.20719933509827
186.196551322937
187.2317819595337
188.2061755657196
189.3022439479828
191.09943747520447
192.1077401638031
193.18485808372498
194.17221760749817
195.13165044784546
196.07911610603333
197.07146310806274
198.02491307258606
199.11000800132751
200.07642316818237
201.157532453537
202.12793517112732
203.07141160964966
204.15950202941895
205.19872117042542
206.15815448760986
207.1175880432129
208.0840036869049
209.10128331184387
210.16942596435547
211.18071937561035
212.2708044052124
213.2402114868164
214.18667840957642
215.2189178466797
216.2481644153595
217.212584733963
218.17201805114746
219.44361662864685
220.4579038619995
221.45224404335022
222.44060134887695
223.46585702896118
224.4861283302307
225.4166386127472
226.42494177818298
227.44321870803833
228.590149641037
229.81786727905273
230.85309743881226
231.87835478782654
232.99237489700317
234.09741830825806
235.22041368484497
236.37033796310425
237.5900752544403
238.62231540679932
239.65854239463806
240.64689779281616
241.6272759437561
243.29182505607605
244.28416967391968
245.30842852592468
246.2828221321106
247.3040907382965
248.28646397590637
249.25686764717102
250.251207113266
251.30937600135803
252.39846348762512
253.46161937713623
254.4340193271637
255.4542896747589
256.4346661567688
257.42402029037476
258.4432933330536
259.4665563106537
260.41801166534424
261.4143478870392
262.3787658214569
263.38108491897583
264.3395211696625
265.30593752861023
266.27933382987976
267.2706799507141
268.3079056739807
269.29725885391235
270.26467180252075
271.2340784072876
272.1975016593933
273.19283962249756
274.5202875137329
275.58244705200195
276.5319068431854
277.55118060112
278.6053602695465
279.63759899139404
280.65787053108215
281.6552016735077
282.686443567276
283.7984685897827
284.7898180484772
285.7821626663208
286.7784974575043
287.76884841918945
288.78911900520325
289.74655842781067
290.82168197631836
291.7851059436798
292.7934081554413
294.5859501361847
295.5573515892029
296.52276825904846
297.50115180015564
298.44961380958557
299.4868395328522
300.5400218963623
301.50743651390076
302.5147399902344
303.49212741851807
304.427622795105
305.3730938434601
306.35147619247437
307.47148156166077
308.5505950450897
309.51202297210693
310.5452585220337
311.5505702495575
312.58280777931213
313.5881197452545
314.56650137901306
315.5827844142914
316.6329734325409
317.5894150733948
318.5638098716736
319.54917311668396
320.5584752559662
321.63060665130615
322.60699343681335
323.60332798957825
324.6226017475128
325.63489413261414
326.57537817955017
327.539799451828
328.6967053413391
329.78379559516907
330.7950909137726
331.836305141449
332.93137645721436
333.9356896877289
334.945987701416
335.94132471084595
336.89776587486267
337.87714743614197
338.89243149757385
339.93962931632996
340.9958038330078
342.0080964565277
343.03634572029114
344.13740062713623
345.8206436634064
347.07927441596985
348.1174988746643
349.19262170791626
350.2338366508484
351.25410771369934
352.41998863220215
353.3933849334717
354.49244594573975
355.49576115608215
356.4611792564392
357.47745966911316
358.50870299339294
359.54991722106934
360.522314786911
361.63932704925537
362.6765537261963
363.6399757862091
364.6163635253906
365.5887620449066
366.60703897476196
367.7539722919464
368.85402822494507
369.9381294250488
370.92648363113403
371.9098539352417
372.8952178955078
373.8895592689514
374.87791419029236
375.8842227458954
376.8735761642456
377.86691880226135
378.87621903419495
380.0042016506195
380.976601600647
381.97892022132874
383.1019160747528
384.22291684150696
385.17237758636475
386.2285511493683
387.3704972267151
388.4775366783142
389.4938168525696
390.5110981464386
391.46853518486023
392.443927526474
393.4861388206482
394.47249937057495
395.43492579460144
396.38837456703186
398.03496956825256
399.0372881889343
400.23308968544006
401.2593448162079
402.23374032974243
403.17621660232544
404.27029037475586
405.29056096076965
406.2639570236206
407.2124214172363
408.1678650379181
409.0973780155182
410.0498299598694
411.0581328868866
412.0624463558197
413.07174730300903
414.0850365161896
415.047461271286
416.0876793861389
417.1069538593292
418.09929847717285
419.180406332016
420.4310607910156
421.43936371803284
422.56535148620605
423.61255073547363
424.7744424343109
425.7996997833252
426.81498503685
427.7963593006134
428.80665588378906
429.7750656604767
430.75345039367676
431.74978375434875
432.74312591552734
433.7464430332184
434.7637212276459
435.7161741256714
436.743426322937
438.00106143951416
439.0721971988678
440.0864837169647
441.0897991657257
442.26465606689453
443.3367884159088
444.3500785827637
445.324471950531
446.2898893356323
447.22139859199524
448.2306971549988
450.0400025844574
451.01040530204773
451.97682070732117
452.93226432800293
453.95552706718445
455.0635631084442
456.06588196754456
457.14300084114075
458.19319128990173
459.1536238193512
460.23373317718506
461.2310652732849
462.2543294429779
463.25166034698486
464.39659881591797
465.4587562084198
466.4271659851074
467.40555000305176
468.34703183174133
469.2954933643341
470.39954113960266
471.40884017944336
472.3971965312958
473.5082244873047
474.5733757019043
475.59264874458313
476.6029460430145
477.57035875320435
478.58663988113403
479.5700101852417
480.57831287384033
481.58661556243896
482.5989067554474
483.52941846847534
484.48286747932434
485.4841890335083
486.5273985862732
487.4898245334625
488.5340304374695
489.54233384132385
490.49777817726135
491.52902007102966
492.50740218162537
493.5206923484802
494.5279986858368
495.57619404792786
496.6792423725128
497.6795666217804
498.6489748954773
499.64530849456787
501.3280005455017
502.3203458786011
503.31169271469116
504.25217747688293
505.21260809898376
506.22290682792664
507.3070065975189
508.31032156944275
509.4402997493744
510.5243990421295
511.6124897003174
512.6307663917542
513.6879389286041
514.8159205913544
515.9070007801056
516.9791328907013
517.9944176673889
519.0216691493988
520.0908093452454
521.0971190929413
522.0745027065277
523.0947737693787
524.0302715301514
524.978734254837
526.1037249565125
527.0342373847961
528.016607761383
529.1605479717255
530.1129999160767
531.2030851840973
532.2632501125336
533.2625765800476
534.3785905838013
535.4237947463989
536.3941986560822
537.4493753910065
538.4457099437714
539.4949038028717
540.4204280376434
541.3838510513306
542.3183515071869
543.3126912117004
544.3080286979675
545.2864117622375
546.2588119506836
547.3259558677673
548.403074502945
549.3694894313812
550.3698136806488
551.5057747364044
553.2301621437073
554.2953131198883
555.3604636192322
556.3627824783325
557.3571238517761
558.366423368454
559.3906843662262
560.3182020187378
561.3444566726685
562.4574801921844
563.6133871078491
564.5977544784546
565.6828515529633
566.7091069221497
567.7433397769928
568.696789264679
569.7200529575348
570.7004296779633
571.7226963043213
572.6911044120789
573.6884369850159
574.6428847312927
575.6631546020508
576.6086254119873
577.6009709835052
578.6092739105225
579.6046113967896
580.5979540348053
581.6002728939056
582.6225385665894
583.6268517971039
584.5703279972076
585.572646856308
586.5221083164215
587.5383901596069
588.5766112804413
589.7424926757812
590.7049188613892
591.7281820774078
592.8242490291595
593.7587494850159
594.735137462616
595.6836016178131
596.6380472183228
597.6124408245087
598.5968074798584
599.8524489402771
600.8009116649628
601.8371396064758
602.8963062763214
604.5558931827545
605.6220412254333
606.6835794448853
607.8484642505646
608.9435353279114
609.8900022506714
610.8274953365326
611.8846669197083
612.8680372238159
613.8474159240723
614.8706796169281
615.8600327968597
616.8773126602173
617.8556945323944
618.8719761371613
619.849362373352
620.8676378726959
621.8420641422272
622.9440836906433
624.0979962348938
625.2040379047394
626.3419933319092
627.2814810276031
628.2219650745392
629.1943640708923
630.2126398086548
631.165091753006
632.1843662261963
633.1098902225494
634.1600804328918
635.1334767341614
636.0629916191101
637.0563333034515
638.0217518806458
639.1098411083221
640.2039151191711
641.274050951004
642.2564237117767
643.3285558223724
644.3009536266327
645.2264785766602
646.1908984184265
647.29594373703
648.2723305225372
649.3953266143799
650.4325518608093
651.3740336894989
652.3424439430237
653.3347890377045
654.3750059604645
656.1023862361908
657.125648021698
658.1558923721313
659.2379975318909
660.1774854660034
661.1429023742676
662.0963516235352
663.0547890663147
664.0840353965759
665.08336186409
666.071718454361
667.0790231227875
668.0763561725616
669.0098586082458
669.9772708415985
670.898806810379
671.918078660965
673.0989198684692
674.1560921669006
675.2421870231628
676.2405169010162
677.2887136936188
678.2611112594604
679.3162887096405
680.3475315570831
681.375780582428
682.3910648822784
683.4083425998688
684.372763633728
685.3980207443237
686.3783977031708
687.3268623352051
688.3002574443817
689.3464589118958
690.357754945755
691.3451135158539
692.4351983070374
693.5791373252869
694.5694873332977
695.62366771698
696.6459336280823
697.6562304496765
698.7493057250977
699.8832745552063
700.8816027641296
702.0016059875488
703.0278623104095
704.0670821666718
705.0255169868469
706.0398051738739
707.7661859989166
708.8772141933441
710.0630433559418
711.0334463119507
712.0527200698853
713.0999202728271
714.0802965164185
715.1504333019257
716.1717011928558
717.2208960056305
718.4406321048737
719.4180192947388
720.4342994689941
721.4037075042725
722.4858112335205
723.5300183296204
724.5592660903931
725.5516109466553
726.5379724502563
727.4724721908569
728.4229304790497
729.3953285217285
730.4126083850861
731.4029598236084
732.420238494873
733.4195640087128
734.4059252738953
735.42121052742
736.4135556221008
737.3670048713684
738.3812923431396
739.3935840129852
740.4088678359985
741.4540722370148
742.3875761032104
743.4198138713837
744.3802447319031
745.5371518135071
746.5374739170074
747.4949133396149
748.5241601467133
749.6970219612122
750.658450126648
751.7525281906128
752.838618516922
753.8339560031891
754.8332841396332
755.859537601471
756.8548748493195
757.8232843875885
759.5729508399963
760.5932230949402
761.6344351768494
762.693601846695
763.7218551635742
764.7427937984467
765.7179481983185
766.8170094490051
767.8143413066864
768.8076827526093
769.8090045452118
770.7714312076569
771.7976853847504
772.8857741355896
773.9319753646851
774.902379989624
775.9176652431488
776.9668588638306
777.9392564296722
778.947559595108
779.9040007591248
781.0040597915649
782.0532531738281
783.0725255012512
784.4867420196533
785.4721066951752
786.5472309589386
787.5974206924438
788.6815218925476
789.6738681793213
790.6572358608246
791.6465907096863
792.6399335861206
793.6093392372131
794.5468318462372
795.5391781330109
796.5375075340271
797.600664138794
798.5660798549652
799.5225214958191
800.505891084671
801.4493672847748
802.4377233982086
803.4500155448914
804.4104471206665
805.3728728294373
806.3392882347107
807.373521566391
808.3140044212341
809.3262968063354
810.834070444107
810.8929121494293
810.9387943744659
810.9707088470459
811.002623796463
811.0355355739594
811.0674500465393
811.1003623008728
811.1322770118713
811.1631941795349
811.1931099891663
811.2240369319916
811.2549488544464
811.2858662605286
811.3167791366577
811.34770154953
811.3786180019379
811.410528421402
811.4414501190186
811.4733603000641
811.5042817592621
811.5361928939819
811.5671150684357
811.59703373909
811.6289441585541
811.6598608493805
811.6907787322998
811.7220313549042
811.7519195079803
811.7818720340729
811.8127601146698
811.8447027206421
811.8765895366669
811.9085338115692
811.9384241104126
811.9693422317505
812.0002865791321
812.0311758518219
812.0630903244019
812.0950050354004
812.1259226799011
812.1558797359467
812.1867597103119
812.2167146205902
812.2475936412811
812.2785151004791
812.309428691864
812.3423399925232
812.3772518634796
812.4101581573486
813.100011587143
813.1319651603699
813.169825553894
813.2067260742188
813.2426311969757
813.279531955719
813.3145072460175
813.3484194278717
813.3813354969025
813.4142472743988
813.4471595287323
813.4820613861084
813.5159752368927
813.5458953380585
813.5768127441406
813.6080989837646
813.6379978656769
813.6688888072968
813.6998066902161
813.7307231426239
813.7616715431213
813.7925577163696
813.8245136737823
813.8553891181946
813.8872995376587
813.9222061634064
813.9541256427765
813.9850425720215
814.0159597396851
814.0478744506836
814.0788333415985
814.1087124347687
814.1396296024323
814.1708345413208
814.2003328800201
814.230224609375
814.2611699104309
814.2920851707458
814.3240568637848
814.3549308776855
814.3858518600464
814.4167649745941
814.4476864337921
814.4785995483398
814.50852394104
814.5394361019135
814.5703582763672
814.6012754440308
814.6321887969971
814.6631100177765
