12.262425422668457
11.721161842346191
11.179895401000977
10.638630867004395
10.09736442565918
9.556100845336914
9.014833450317383
8.473567008972168
7.932302951812744
7.3910393714904785
7.2187371253967285
7.080320358276367
6.634592056274414
6.063721179962158
5.864805698394775
5.622775077819824
5.344016075134277
5.033752918243408
4.696307182312012
4.554372310638428
4.782999515533447
5.060912132263184
5.247958660125732
5.355090618133545
5.3917622566223145
5.366172790527344
5.2854485511779785
5.1558308601379395
4.9827775955200195
4.771080017089844
5.0167107582092285
4.9269490242004395
4.548690319061279
4.799667835235596
5.034602642059326
4.959339618682861
4.867275714874268
4.963598251342773
4.9949846267700195
4.9681477546691895
4.889097213745117
4.763200283050537
4.595261096954346
4.442284107208252
4.678041458129883
4.753270149230957
4.8375749588012695
4.8640241622924805
4.833341598510742
4.95361328125
4.9516191482543945
4.768868446350098
4.747749328613281
4.674418926239014
4.554133892059326
4.391624927520752
4.5456342697143555
4.671765327453613
4.7310075759887695
4.730076313018799
4.675016403198242
4.774827480316162
4.674061298370361
4.551052093505859
4.6763739585876465
4.648094654083252
4.443453788757324
4.571393966674805
4.513777256011963
4.463932514190674
4.527077674865723
4.4214582443237305
4.657658100128174
4.71493673324585
4.521777629852295
4.632531642913818
4.9478983879089355
4.99282693862915
4.795511722564697
4.545538902282715
4.778243064880371
4.924510955810547
4.823300838470459
4.503040790557861
4.747931003570557
4.980225086212158
4.9623703956604
4.722512722015381
4.502194404602051
4.791886329650879
4.874602794647217
4.727938175201416
4.4034576416015625
4.730360984802246
4.843758583068848
4.727842807769775
4.535364151000977
4.672648906707764
4.763955593109131
4.6304216384887695
4.530661582946777
4.532562732696533
4.528867244720459
4.5201263427734375
4.50684928894043
4.493518829345703
4.469834804534912
4.444096088409424
4.416766166687012
4.399230480194092
4.418139934539795
4.413575649261475
4.392828941345215
4.393901824951172
4.408440589904785
4.414824485778809
4.39905309677124
4.40897274017334
4.41384220123291
4.418604850769043
4.413876533508301
4.395356178283691
4.379939079284668
4.408206939697266
4.414762020111084
4.399346351623535
4.392800331115723
4.409555435180664
4.421543121337891
4.411100387573242
4.402674198150635
4.406551361083984
4.404630661010742
4.400522232055664
4.386194705963135
4.384618282318115
4.394093990325928
4.381600856781006
4.387309551239014
4.3952412605285645
4.386656761169434
4.3883466720581055
4.384454250335693
4.378264427185059
4.375288486480713
4.371603488922119
4.3731770515441895
4.375151634216309
4.37755823135376
4.370977878570557
33.026363372802734
32.535160064697266
31.87225914001465
31.0886287689209
30.226533889770508
29.309396743774414
28.3571834564209
27.37173843383789
26.361764907836914
25.33708953857422
24.299301147460938
23.251142501831055
22.200355529785156
21.15159797668457
20.105920791625977
19.130338668823242
18.270248413085938
17.577117919921875
16.980449676513672
16.435546875
15.914732933044434
15.404886245727539
14.894231796264648
14.379155158996582
13.86846923828125
13.350258827209473
12.833147048950195
12.313472747802734
11.799219131469727
11.313440322875977
10.901409149169922
10.557406425476074
10.240961074829102
9.93089485168457
9.62998104095459
9.329278945922852
9.018768310546875
8.694055557250977
8.370219230651855
8.088163375854492
7.876521587371826
7.732139587402344
7.606637001037598
7.481791973114014
7.343603134155273
7.1834001541137695
7.006299018859863
6.826010227203369
6.657458305358887
6.505392074584961
6.36669397354126
6.239217281341553
6.115155220031738
5.987422466278076
5.85874605178833
5.747020721435547
5.649247169494629
5.5627546310424805
5.483205318450928
5.40609073638916
5.329470157623291
5.261178016662598
5.200848579406738
5.144759654998779
5.092214107513428
5.045108795166016
5.004562854766846
4.97670316696167
4.957894325256348
4.952719688415527
4.9518842697143555
4.945870399475098
4.936286926269531
4.9244232177734375
4.913388252258301
4.909038066864014
4.904531478881836
4.895337104797363
4.881031036376953
4.866799831390381
4.855165481567383
4.843475341796875
4.832039833068848
4.821389198303223
4.8198652267456055
4.818174362182617
4.8147759437561035
4.809971809387207
4.8052144050598145
4.805631637573242
4.80421257019043
4.799354076385498
4.7919158935546875
4.788996696472168
4.788268089294434
4.786044120788574
4.782586574554443
4.780303001403809
4.77926778793335
4.779031276702881
4.777074337005615
4.776196002960205
4.778328895568848
4.777857303619385
4.774913787841797
4.77492618560791
4.775302886962891
4.773429870605469
4.770704746246338
4.771893501281738
4.772578716278076
4.771058082580566
4.769931793212891
4.7704925537109375
4.7688727378845215
4.769204616546631
4.771002769470215
4.770463466644287
4.7683210372924805
4.767926216125488
4.7682785987854
4.766929626464844
4.766874313354492
4.766555309295654
4.7665114402771
4.766735076904297
4.766880989074707
4.766186237335205
4.7656073570251465
4.7667694091796875
4.765972137451172
4.7656636238098145
4.7654523849487305
4.765388488769531
4.766356468200684
4.766058444976807
4.766132831573486
4.766084671020508
4.765996932983398
4.76694393157959
4.766026020050049
4.765803813934326
4.766124725341797
4.765392303466797
4.766371726989746
4.766181468963623
4.765373229980469
4.765618801116943
4.764952182769775
4.764740943908691
4.764382839202881
4.764393329620361
4.764326572418213
4.764253616333008
4.7642130851745605
4.764051914215088
4.764028072357178
4.764055252075195
4.76410436630249
4.764093399047852
4.764036655426025
4.764003276824951
4.763906002044678
4.763946533203125
4.7639689445495605
4.763814926147461
4.763891696929932
4.763863563537598
4.763761520385742
4.763764381408691
4.763755798339844
4.763720512390137
4.763647556304932
4.763667106628418
4.7636590003967285
4.7637529373168945
4.763676643371582
4.763708114624023
4.763749599456787
4.763686180114746
4.7636027336120605
4.763492584228516
4.763444423675537
4.763548374176025
4.763523578643799
4.763473987579346
4.763562202453613
4.76347541809082
4.763438701629639
4.763455390930176
4.763405799865723
4.763416290283203
4.763380527496338
4.763308525085449
4.763354301452637
4.763352394104004
4.763247013092041
4.76342248916626
4.763399124145508
4.7631731033325195
4.763436794281006
4.7635674476623535
4.763485908508301
4.763208389282227
4.763282299041748
4.7634453773498535
4.7633843421936035
4.763189315795898
4.763088226318359
4.763326644897461
4.763380527496338
4.7632341384887695
4.762935638427734
4.7630791664123535
4.7630720138549805
4.762911796569824
4.762931823730469
4.762853622436523
4.762888431549072
4.7628374099731445
4.762850761413574
4.762818813323975
4.762786388397217
4.762760639190674
4.762773036956787
4.7627034187316895
4.762679576873779
4.762798309326172
4.762767314910889
4.762641429901123
4.762624740600586
4.7625861167907715
4.762649059295654
4.762554168701172
4.762743949890137
4.762775421142578
4.762605667114258
4.762655258178711
4.762739181518555
4.762611389160156
4.762500286102295
4.762550354003906
4.762476444244385
4.762465000152588
4.762402534484863
4.762366771697998
4.762411117553711
4.762420654296875
4.762416839599609
4.7623443603515625
4.762391567230225
4.762292861938477
4.7623515129089355
4.76231575012207
4.762310028076172
4.762352466583252
4.762421131134033
4.762322425842285
4.762405872344971
4.762470722198486
4.762334823608398
4.762425899505615
4.762507915496826
4.762381553649902
4.762351989746094
4.762430191040039
4.762304782867432
4.7624101638793945
4.762482166290283
4.762343883514404
4.762363910675049
4.762446403503418
4.762331485748291
4.762413024902344
4.762539863586426
4.762531280517578
4.762395858764648
4.76229190826416
4.762550354003906
4.7626051902771
4.76246452331543
4.762245178222656
4.762339115142822
4.762299060821533
4.762284278869629
4.762208938598633
4.7622599601745605
4.762307167053223
4.762304306030273
4.762267112731934
4.762261390686035
4.762222766876221
4.762194633483887
4.762215614318848
4.762259483337402
4.762200355529785
4.76220178604126
4.762242317199707
4.762211322784424
4.762202739715576
4.76218843460083
4.762274742126465
4.762218475341797
4.762343406677246
4.762372970581055
4.762277126312256
4.762302398681641
4.7622833251953125
4.7622175216674805
4.762207508087158
4.762253284454346
4.762258052825928
4.762233734130859
4.762219429016113
4.762163162231445
4.762150764465332
4.762205600738525
4.762191295623779
4.7621660232543945
4.762247085571289
4.762166976928711
4.762218952178955
4.762153625488281
4.762144088745117
4.7622809410095215
4.762260913848877
4.762179851531982
4.762176036834717
4.762241363525391
4.762216567993164
4.7622151374816895
4.762217044830322
4.7621750831604
4.762149333953857
4.762258052825928
4.762253761291504
4.762177467346191
4.762218475341797
4.762158393859863
4.762188911437988
4.762121200561523
4.762307643890381
4.762338638305664
4.76216983795166
4.762353897094727
4.762470722198486
4.762389183044434
4.762171745300293
4.762331008911133
4.762395858764648
105.70118713378906
101.74333190917969
97.82971954345703
93.9433364868164
90.04853057861328
86.05421447753906
82.08772277832031
78.27918243408203
74.8657455444336
71.36076354980469
68.06855010986328
65.13265991210938
62.10143280029297
59.788734436035156
57.875240325927734
55.897403717041016
53.76460647583008
51.489585876464844
49.0739631652832
46.54438781738281
44.3673095703125
42.39627456665039
40.328575134277344
38.37065887451172
37.37202072143555
36.5235481262207
35.46915054321289
34.17882537841797
32.75182342529297
31.041784286499023
29.18030548095703
27.436933517456055
25.940683364868164
24.622516632080078
23.308223724365234
22.067651748657227
20.854665756225586
19.73919677734375
18.84419059753418
17.843013763427734
16.788433074951172
15.732766151428223
14.65854263305664
13.510297775268555
12.308966636657715
11.186355590820312
10.031319618225098
9.327380180358887
8.612756729125977
7.931086540222168
7.072376251220703
6.259843349456787
5.825436115264893
5.433741092681885
5.082546234130859
5.110744953155518
5.107794761657715
5.145054817199707
5.270616054534912
5.1511101722717285
4.832123279571533
4.7075605392456055
4.646074295043945
4.680073261260986
4.655437469482422
4.400930404663086
4.404933452606201
4.579890727996826
4.621903896331787
4.573431968688965
4.3718366622924805
4.282883644104004
4.0853166580200195
3.8724355697631836
3.889389991760254
3.829097032546997
3.8675293922424316
3.77951979637146
3.757803201675415
3.742327928543091
3.565067768096924
3.317103862762451
3.382507801055908
3.4994189739227295
3.5151214599609375
3.489489793777466
3.3744308948516846
3.2849936485290527
3.2248451709747314
3.0805325508117676
3.026644706726074
3.013813018798828
3.119643211364746
3.172696828842163
3.0690319538116455
2.926262855529785
2.9661002159118652
2.9843640327453613
2.9465372562408447
2.890392780303955
2.9448037147521973
2.9188406467437744
2.862755537033081
2.7861876487731934
2.9341988563537598
3.001988410949707
2.885645866394043
2.7180938720703125
2.7824509143829346
2.8176016807556152
2.825282573699951
2.75067400932312
2.6547648906707764
2.6550159454345703
2.63523530960083
2.5584287643432617
2.6244935989379883
2.682284116744995
2.633120059967041
2.557152509689331
2.554006576538086
2.5565505027770996
2.481057643890381
2.4679367542266846
2.461519479751587
2.4703078269958496
2.4577834606170654
2.467132568359375
2.438535690307617
2.466827392578125
2.420736312866211
2.4273271560668945
2.5076217651367188
2.4238603115081787
2.490457057952881
2.5137059688568115
2.4800314903259277
2.3779916763305664
2.3364410400390625
2.343987464904785
2.3355777263641357
2.300827741622925
2.245698928833008
2.2229886054992676
2.2434403896331787
2.2121057510375977
2.216768980026245
2.2694475650787354
2.200406551361084
2.181367874145508
15.226210594177246
15.174341201782227
15.10614013671875
15.02923583984375
14.956779479980469
14.877973556518555
14.798949241638184
14.724867820739746
14.659217834472656
14.599377632141113
14.55040168762207
14.50492000579834
14.458206176757812
14.416913986206055
14.37182903289795
14.317445755004883
14.264265060424805
14.204866409301758
14.147113800048828
14.097270011901855
14.04532241821289
14.009952545166016
13.977762222290039
13.963397026062012
13.954981803894043
13.957447052001953
13.970516204833984
13.986512184143066
13.997204780578613
13.99653148651123
14.000127792358398
14.004472732543945
14.007863998413086
14.007861137390137
14.006207466125488
14.005520820617676
14.004423141479492
14.00381088256836
14.004242897033691
14.002495765686035
13.99581527709961
13.995877265930176
13.996294021606445
14.004274368286133
14.010351181030273
14.013586044311523
14.023340225219727
14.030404090881348
14.04041862487793
14.0460844039917
14.049460411071777
14.047674179077148
14.047273635864258
14.041080474853516
14.044483184814453
14.043610572814941
14.039070129394531
14.037068367004395
14.041933059692383
14.041330337524414
14.035250663757324
14.033485412597656
14.03427505493164
14.037323951721191
14.04033088684082
14.049036979675293
14.05034351348877
14.052578926086426
14.051969528198242
14.053935050964355
14.05495834350586
14.059189796447754
14.06169319152832
14.061741828918457
14.062183380126953
14.062152862548828
14.060531616210938
14.060690879821777
14.061153411865234
14.060911178588867
14.059286117553711
14.058692932128906
14.059414863586426
14.059475898742676
14.059494972229004
14.059282302856445
14.058113098144531
14.058455467224121
14.057527542114258
14.057144165039062
14.056219100952148
14.05634880065918
14.053733825683594
14.05357551574707
14.052806854248047
14.051862716674805
14.051206588745117
14.050002098083496
14.04927921295166
14.048139572143555
14.048429489135742
14.048368453979492
14.048754692077637
14.049063682556152
14.04896068572998
14.048006057739258
14.04765510559082
14.047835350036621
14.04904842376709
14.049287796020508
14.049094200134277
14.048501014709473
14.048264503479004
14.048069953918457
14.047351837158203
14.04720687866211
14.04600715637207
14.045292854309082
14.044995307922363
14.044792175292969
14.044349670410156
14.044743537902832
14.04507064819336
14.044864654541016
14.044693946838379
14.044487953186035
14.04446029663086
14.043691635131836
14.04313850402832
14.042993545532227
14.042547225952148
14.042349815368652
14.04214096069336
14.041929244995117
14.042015075683594
14.042378425598145
14.042179107666016
14.041962623596191
14.041492462158203
14.04133415222168
14.04150104522705
14.041284561157227
14.041093826293945
14.040885925292969
14.041231155395508
14.041024208068848
14.040810585021973
14.040063858032227
14.039485931396484
14.039280891418457
14.039070129394531
13.200495719909668
12.386947631835938
11.609610557556152
10.870285034179688
10.153962135314941
9.465024948120117
8.81424331665039
8.224772453308105
7.728448390960693
7.376355171203613
7.184358596801758
7.102333068847656
7.0938334465026855
7.147590160369873
7.23314905166626
7.295835494995117
7.329126834869385
7.344769477844238
7.322352886199951
7.274234771728516
7.205615520477295
7.1203389167785645
7.02310037612915
6.9177446365356445
6.803196907043457
6.682074546813965
6.554946422576904
6.424600601196289
6.29945182800293
6.207880020141602
6.1411027908325195
6.072484970092773
5.993059158325195
5.90145206451416
5.797824859619141
5.696802139282227
5.617587566375732
5.571435451507568
5.548675060272217
5.53474235534668
5.52536678314209
5.514892578125
5.498015880584717
5.46845817565918
5.430056571960449
5.384995937347412
5.339507102966309
5.29948616027832
5.267760276794434
5.238857269287109
5.219944477081299
5.205219268798828
5.191946506500244
5.183757305145264
5.173487186431885
5.161769390106201
5.147820949554443
5.134061813354492
5.120064735412598
5.111325740814209
5.106367588043213
5.104166030883789
5.103801250457764
5.102596759796143
5.099950313568115
5.0966620445251465
5.093698501586914
5.088237285614014
5.083823204040527
5.079890251159668
5.076505184173584
5.073487281799316
5.072280406951904
5.0704026222229
5.068749904632568
5.066432952880859
5.064340114593506
5.061905860900879
5.0609869956970215
5.060557842254639
5.060497760772705
5.0621256828308105
5.062194347381592
5.05938196182251
5.057753086090088
5.054874420166016
5.052314281463623
5.050346851348877
5.049675941467285
5.04849910736084
5.047300815582275
5.0462775230407715
5.044848918914795
5.041362762451172
5.040221691131592
5.040933132171631
5.0403032302856445
5.03963565826416
5.037714958190918
5.036572456359863
5.035055160522461
5.0339155197143555
5.032819747924805
5.0319294929504395
5.031679153442383
5.032441139221191
5.032137870788574
5.03127384185791
5.030622482299805
5.030447006225586
5.029831886291504
5.029834747314453
5.029850482940674
5.029117107391357
5.029270648956299
5.029342174530029
5.030574321746826
5.030512809753418
5.030308246612549
5.0295867919921875
5.029041767120361
5.028276443481445
5.028022766113281
5.0280842781066895
5.026738166809082
5.026531219482422
5.025590896606445
5.025430679321289
5.026039123535156
5.0258870124816895
5.025567531585693
5.025420188903809
5.025320053100586
5.025217056274414
5.025211811065674
5.025116920471191
5.025030136108398
5.024243354797363
5.024168491363525
5.024237632751465
5.024175643920898
5.024829387664795
5.024782657623291
5.024760723114014
5.02468729019165
5.02465295791626
5.0246195793151855
5.024590492248535
5.024563312530518
5.024535179138184
5.024507999420166
5.0244832038879395
5.024458408355713
5.024414539337158
5.024396896362305
5.023675918579102
5.023662567138672
5.023647785186768
5.023633003234863
5.023619651794434
5.023604869842529
5.02360725402832
5.022469997406006
5.022459030151367
5.023151874542236
5.023141384124756
5.023152828216553
5.023144245147705
5.023134231567383
5.022424221038818
5.022416114807129
5.022414207458496
5.022407054901123
5.022400856018066
5.02383279800415
5.023777008056641
5.02294397354126
5.021955490112305
5.022220611572266
5.0255656242370605
5.025146007537842
5.025763511657715
5.028780460357666
5.02988338470459
5.030491828918457
5.031240463256836
5.030816078186035
5.030960559844971
5.030769348144531
5.030543327331543
5.030702590942383
5.030803203582764
5.029662132263184
5.02922248840332
5.029688358306885
5.028407096862793
5.0268120765686035
5.026107311248779
5.025265216827393
5.024231910705566
5.024376392364502
5.024059772491455
5.0240254402160645
5.024695873260498
5.024328708648682
5.024538040161133
5.025086879730225
5.0251898765563965
5.024299621582031
5.023976802825928
5.023930072784424
5.0237298011779785
5.022846698760986
5.022248268127441
5.022231101989746
5.022987365722656
5.022696018218994
5.023812770843506
5.023723125457764
5.023585319519043
5.0238356590271
5.0235772132873535
5.023678302764893
5.023616313934326
5.0243988037109375
5.024542331695557
5.024550437927246
5.024806022644043
5.024267673492432
5.024151802062988
5.024838447570801
5.024753093719482
5.024672031402588
5.025152206420898
5.027207374572754
5.02678108215332
5.026701927185059
5.0265421867370605
5.026440143585205
5.026345252990723
5.025622844696045
5.027172088623047
5.026845455169678
5.02655029296875
5.027415752410889
5.027308940887451
5.027193069458008
5.0272393226623535
5.027127742767334
5.0269904136657715
5.027328014373779
5.026965618133545
5.02655029296875
5.026439189910889
5.026705741882324
5.026648044586182
5.026539325714111
5.0267767906188965
5.026888370513916
5.026793479919434
5.026698112487793
5.026620388031006
5.026497840881348
5.026447772979736
5.026361465454102
5.027165412902832
5.027121543884277
5.027620792388916
5.027912139892578
5.027207851409912
5.026925086975098
5.0268096923828125
5.025599956512451
5.025522232055664
5.025964736938477
5.025903224945068
5.0258331298828125
5.025765419006348
5.025550365447998
5.026062965393066
5.025765895843506
5.026107311248779
5.026309967041016
5.025863170623779
5.026196479797363
5.025745868682861
5.025457382202148
5.0254807472229
5.025434970855713
5.026518821716309
5.026458263397217
5.0263352394104
5.02626371383667
5.026792049407959
5.025488376617432
5.025464057922363
5.0251078605651855
5.025058269500732
5.025590896606445
5.026898384094238
5.026875019073486
5.026827335357666
5.025418281555176
5.025404930114746
5.025373935699463
5.025333404541016
5.024855136871338
5.026116371154785
5.026124000549316
5.026085376739502
5.026359558105469
5.026354789733887
5.0257768630981445
5.025726318359375
5.02525520324707
5.0251922607421875
5.0251641273498535
5.025114059448242
5.025087356567383
5.025683403015137
5.025654315948486
5.025415897369385
5.024986267089844
5.025450706481934
5.025125980377197
5.025163173675537
5.025737285614014
5.025723457336426
5.025700569152832
5.025086879730225
5.0250725746154785
5.025142192840576
5.025076389312744
5.025574207305908
5.025558948516846
5.024949073791504
5.024935245513916
5.024920463562012
5.02549409866333
5.0252909660339355
5.024878978729248
5.02489709854126
5.0252814292907715
5.0252685546875
5.024858474731445
5.024825096130371
5.024811267852783
5.025477886199951
5.0254621505737305
5.024781703948975
5.024774074554443
5.024763584136963
5.024750232696533
5.02531623840332
5.0253071784973145
5.024717330932617
5.0247111320495605
5.024700164794922
5.025003910064697
5.024595260620117
5.0250701904296875
5.024474143981934
5.024467468261719
5.024477005004883
5.024792671203613
5.025361061096191
5.025350570678711
5.024683475494385
5.024679660797119
5.02467155456543
5.024750709533691
5.0253119468688965
5.025302410125732
5.024646282196045
5.024642467498779
5.024636745452881
5.024628162384033
5.025730133056641
5.026126861572266
5.024698734283447
5.024694919586182
5.024603366851807
5.024596691131592
5.02608585357666
5.024829864501953
5.0246686935424805
5.024578094482422
5.026055335998535
5.024483680725098
5.024523735046387
5.025357246398926
5.025505065917969
5.025299549102783
5.025136947631836
5.025336265563965
5.025335311889648
5.025331020355225
5.025737762451172
5.025731563568115
0.4827200472354889
0.47639980912208557
0.4707489609718323
0.46561339497566223
0.4613432288169861
0.4571830928325653
0.45325037837028503
0.4496786594390869
0.4463145434856415
0.4430818259716034
0.4399885833263397
0.4371336102485657
0.434706449508667
0.43286484479904175
0.4314039945602417
0.4301581382751465
0.4291512966156006
0.4281831681728363
0.4272933602333069
0.4265446662902832
0.42608749866485596
0.4258461892604828
0.4253544807434082
0.4248461425304413
0.4243561923503876
0.42401203513145447
0.4237819314002991
0.42357876896858215
0.4234349727630615
0.42330724000930786
0.42322611808776855
0.4231589734554291
0.423106849193573
0.42304572463035583
0.42295730113983154
0.4228321313858032
0.42271745204925537
0.4226142168045044
0.422500878572464
0.42245084047317505
0.4224202632904053
0.4223790168762207
0.42233386635780334
0.4223007559776306
0.4222455322742462
0.422195702791214
0.42217278480529785
0.42209339141845703
0.42204248905181885
0.4220176935195923
0.4220298230648041
0.4220249652862549
0.4219822287559509
0.42197293043136597
0.42192980647087097
0.42189547419548035
0.4218847453594208
0.42189261317253113
0.4218977689743042
0.4218863844871521
0.42185574769973755
0.42183107137680054
0.42186006903648376
0.4218938946723938
0.42187973856925964
0.421844482421875
0.4218258857727051
0.42181843519210815
0.42185693979263306
0.42185890674591064
0.42181798815727234
0.4217945337295532
0.42178601026535034
0.4218059778213501
0.42181360721588135
0.4217900037765503
0.42177730798721313
0.4217773973941803
0.42177364230155945
0.42177724838256836
0.4217621684074402
0.4217604994773865
0.42177993059158325
0.42178258299827576
0.42177635431289673
0.4217824339866638
0.42179375886917114
0.42177486419677734
0.4217977523803711
0.42179960012435913
0.4217751622200012
0.4217875599861145
0.4217990040779114
0.4218052625656128
0.4217938184738159
0.42177698016166687
0.4217683672904968
0.42177945375442505
0.42180171608924866
0.421786367893219
