2.176265239715576
2.336836099624634
2.491422653198242
2.6519935131073
2.812563419342041
2.9711391925811768
3.1257259845733643
3.289288282394409
3.446866989135742
3.6004555225372314
3.7540454864501953
3.9106271266937256
4.068204164505005
4.223788261413574
4.413281679153442
4.57684588432312
4.74439811706543
4.909952640533447
5.073515176773071
5.2859485149383545
5.441530466079712
5.594122409820557
5.7517008781433105
5.906287670135498
6.060873985290527
6.213466167449951
6.372041702270508
6.532613515853882
6.687198638916016
6.855747938156128
7.017315864562988
7.207807779312134
7.365385055541992
7.519972324371338
7.687523126602173
7.865049362182617
8.036590099334717
8.2111234664917
8.365710735321045
8.528274536132812
8.684855222702026
8.844428062438965
9.004998922348022
9.168596982955933
9.331127643585205
9.491698741912842
9.652267932891846
9.8118417263031
9.967424392700195
10.133979082107544
10.956777572631836
11.128318786621094
11.28789210319519
11.453449487686157
11.607039451599121
11.771599769592285
11.930174589157104
12.11867070198059
12.28422737121582
12.441806077957153
12.640275955200195
12.816802978515625
13.00928783416748
13.182823419570923
13.347383737564087
13.52091932296753
13.686477184295654
13.84305739402771
14.012604713439941
14.187137842178345
14.354689836502075
14.511269569396973
14.66884970664978
14.832410335540771
15.01791524887085
15.173498630523682
15.34105110168457
15.509600162506104
15.67515754699707
15.836724758148193
16.009263515472412
16.176814794540405
16.376280784606934
16.527876615524292
16.68645167350769
16.84303331375122
17.023550510406494
17.179133415222168
17.341697931289673
17.51224184036255
17.700737476348877
17.8643000125885
18.018887281417847
18.194417715072632
18.353990077972412
18.516555786132812
18.678123712539673
18.84467887878418
19.017215967178345
19.21768069267273
20.032500505447388
20.200052738189697
20.356633186340332
20.528175354003906
20.681763648986816
20.83535408973694
20.9939284324646
21.173448085784912
21.330029249191284
21.481624841690063
21.647181510925293
21.82370948791504
21.998241901397705
22.14983630180359
22.317388772964478
22.471980094909668
22.624566555023193
22.781147480010986
22.942715883255005
23.10528063774109
23.27482795715332
23.432406902313232
23.587989568710327
23.73958396911621
23.90813374519348
24.06371808052063
24.215312004089355
24.38984489440918
24.55241060256958
24.709989547729492
24.872553825378418
25.031128883361816
25.20267081260681
25.3562593460083
25.504862785339355
25.670418977737427
25.840962409973145
26.003528118133545
26.160109043121338
26.314696073532104
26.46629023551941
26.61489248275757
26.789425373077393
26.947005033493042
27.100593328475952
27.259169816970825
27.412758111953735
27.568342924118042
27.722928524017334
27.877514839172363
28.698320865631104
28.86288046836853
29.03442144393921
29.191001892089844
29.3495774269104
29.507155656814575
29.662739753723145
29.822312593460083
29.97590208053589
30.131486654281616
30.284077405929565
30.43666934967041
30.596242666244507
30.751826286315918
30.95029592514038
31.110865831375122
31.270439863204956
31.42702054977417
31.58858871459961
31.747165203094482
31.902747869491577
32.05833125114441
32.22588300704956
32.385456562042236
32.53605532646179
32.69861888885498
32.87015986442566
33.02474617958069
33.17733812332153
33.34987735748291
33.50745511054993
33.668025493621826
33.85452675819397
34.02706503868103
34.19960427284241
34.38510751724243
34.54567766189575
34.70525074005127
34.880781412124634
35.03736400604248
35.193944454193115
35.35251998901367
35.50411534309387
35.70956492424011
35.8741250038147
36.03170371055603
36.18928146362305
36.33991360664368
36.50244355201721
36.65902543067932
37.43951225280762
37.59509468078613
37.747687339782715
37.904268980026245
38.05686020851135
38.21543598175049
38.370022773742676
38.54555368423462
38.703131437301636
38.86370301246643
39.021281242370605
39.18584227561951
39.346410036087036
39.497007608413696
39.65259146690369
39.81116819381714
39.963759422302246
40.119343519210815
40.27193593978882
40.427518129348755
40.58509659767151
40.73868727684021
40.897263050079346
41.048856258392334
41.198456048965454
41.349053621292114
41.50463676452637
41.6642107963562
41.81780004501343
41.97138833999634
42.13295602798462
42.28654670715332
42.441133975982666
42.60070490837097
42.76227283477783
42.93181920051575
43.08840036392212
43.239994764328
43.388598680496216
43.541189670562744
43.70176029205322
43.85435247421265
44.012927293777466
44.16851305961609
44.32210159301758
44.4856641292572
44.64523649215698
44.80281472206116
44.96139073371887
45.11398196220398
45.88060760498047
46.03718829154968
46.18978142738342
46.3563346862793
46.522889137268066
46.67947244644165
46.83804655075073
47.005598068237305
47.180132150650024
47.333719968795776
47.49129843711853
47.644888162612915
47.805458307266235
47.957053661346436
48.10964560508728
48.286173582077026
48.44175624847412
48.600332260131836
48.75192713737488
48.91748380661011
49.077056646347046
49.229649782180786
49.440085649490356
49.59168028831482
49.77419185638428
49.93077373504639
50.0903480052948
50.29380226135254
50.47332286834717
50.63189911842346
50.78947615623474
50.944066286087036
51.13754487037659
51.2981162071228
51.45370125770569
51.61327338218689
51.78481435775757
51.961342573165894
52.13089656829834
52.32337474822998
52.49790692329407
52.66047167778015
52.82004523277283
52.97662544250488
53.14317989349365
53.2997612953186
53.46033215522766
53.65082383155823
53.81139278411865
53.968971252441406
54.78295302391052
54.94252610206604
55.10110259056091
55.25768303871155
55.41027545928955
55.560872077941895
55.72244119644165
55.89697289466858
56.06452488899231
56.22708988189697
56.401623487472534
56.56119656562805
56.73174071311951
56.890316009521484
57.09377193450928
57.259329080581665
57.42388916015625
57.57947254180908
57.746028423309326
57.914576053619385
58.07315230369568
58.242698431015015
58.404266595840454
58.56383943557739
58.74734902381897
58.91789197921753
59.097413539886475
59.266958236694336
59.42952370643616
59.60006785392761
59.77260613441467
59.955119609832764
60.12665891647339
60.29520797729492
60.45677614212036
60.61235952377319
60.79287672042847
60.94945788383484
61.12897753715515
61.2965304851532
61.459094524383545
61.61168694496155
61.777244329452515
61.951777935028076
62.113346099853516
62.270923376083374
62.44047021865845
62.61400604248047
62.76759433746338
62.94511961936951
63.73456072807312
63.90311026573181
64.10457181930542
64.27910447120667
64.436683177948
64.59226655960083
64.75383520126343
64.92437815666199
65.08095979690552
65.23654341697693
65.3941216468811
65.54372119903564
65.70728421211243
65.88181710243225
66.039395570755
66.18600416183472
66.35953903198242
66.53905892372131
66.69863200187683
66.8512237071991
67.0107970237732
67.17236495018005
67.32595443725586
67.48153805732727
67.63313221931458
67.78472661972046
67.9363214969635
68.09888625144958
68.25846028327942
68.41703510284424
68.58957409858704
68.74815058708191
68.91669940948486
69.07926487922668
69.23684239387512
69.39841103553772
69.55598902702332
69.71456456184387
69.8671567440033
70.02573204040527
70.18331050872803
70.3428840637207
70.50644636154175
70.66801619529724
70.83157730102539
70.99912858009338
71.16269302368164
71.31628012657166
71.48482966423035
71.6743221282959
72.48714780807495
72.69259905815125
72.86314249038696
73.02171874046326
73.16633129119873
73.32191514968872
73.4735095500946
73.6290934085846
73.7836799621582
73.940260887146
74.09484767913818
74.25342345237732
74.41399502754211
74.57057499885559
74.72815346717834
74.88473558425903
75.03732633590698
75.18892073631287
75.4033477306366
75.56192350387573
75.7185046672821
75.87508606910706
76.034658908844
76.19123983383179
76.34383130073547
76.49542593955994
76.65101027488708
76.81357479095459
76.96417212486267
77.11975598335266
77.28431558609009
77.44388890266418
77.59648060798645
77.7500696182251
77.91462969779968
78.0712103843689
78.2247998714447
78.38237833976746
78.53796243667603
78.69254875183105
78.85112500190735
79.02067160606384
79.17525792121887
79.34779715538025
79.52731585502625
79.69087815284729
79.84945392608643
80.01201891899109
80.17259097099304
80.33216285705566
81.09857368469238
81.25215864181519
81.40674614906311
81.56432318687439
81.72190642356873
81.87449336051941
82.04005074501038
82.20660495758057
82.35620498657227
82.52375721931458
82.69230699539185
82.84589552879333
83.00347328186035
83.14708971977234
83.30267310142517
83.45027875900269
83.60686159133911
83.77341389656067
83.91902494430542
84.09755563735962
84.24614953994751
84.39375448226929
84.54734444618225
84.69594717025757
84.84554624557495
84.99614310264587
85.19162011146545
85.34421277046204
85.4987998008728
85.65538001060486
85.82392883300781
86.01142835617065
86.16900587081909
86.32259488105774
86.47418999671936
86.62877583503723
86.82724523544312
86.99778985977173
87.15137910842896
87.310950756073
87.49047088623047
87.65004563331604
87.80263710021973
87.9542305469513
88.14671635627747
88.30030512809753
88.4538938999176
88.60848021507263
88.77603268623352
88.92662954330444
90.3528139591217
91.21750354766846
92.11011409759521
92.93590497970581
93.82053804397583
94.62139558792114
95.42424821853638
96.24006628990173
97.0648603439331
97.94949388504028
98.83312940597534
99.67687273025513
100.47872757911682
101.36435985565186
102.20012283325195
103.04286885261536
103.90057516098022
104.77124571800232
105.58506917953491
106.39190983772278
107.18379163742065
108.02853226661682
108.8443500995636
109.66216349601746
110.48795509338379
111.32072615623474
112.17743372917175
113.02516746520996
113.83300518989563
114.64184188842773
115.47461533546448
116.2994077205658
117.10724711418152
117.92206716537476
118.71195483207703
119.53076481819153
120.37949347496033
121.21226620674133
122.12083554267883
122.91271781921387
123.7295331954956
124.5393660068512
125.38011693954468
126.20690655708313
127.03668689727783
127.92131996154785
128.8737714290619
129.76139855384827
130.57721519470215
131.4249484539032
132.8900282382965
133.79560613632202
134.76301956176758
135.63967275619507
136.56818914413452
137.42390036582947
138.34942507743835
139.25500392913818
140.11370515823364
140.94946932792664
141.78722882270813
142.61202263832092
143.42783975601196
144.26560044288635
145.11034059524536
145.91817831993103
146.7808711528778
147.6325933933258
148.46636247634888
149.2891616821289
150.19075059890747
151.0145456790924
151.82138800621033
152.65515685081482
153.4460413455963
154.30673933029175
155.13751697540283
156.00120639801025
156.87985682487488
157.75451612472534
158.61321997642517
159.39612531661987
160.2687907218933
161.1274950504303
161.9263572692871
162.72023391723633
163.54402995109558
164.44362449645996
165.32526683807373
166.18197441101074
167.0476586818695
167.96320915222168
168.83088731765747
169.65667963027954
170.57023453712463
171.45387077331543
172.34748077392578
173.26702070236206
174.16561770439148
175.02232599258423
176.44683265686035
177.2835955619812
178.10439896583557
179.00099992752075
179.8307809829712
180.66355276107788
181.45742917060852
182.30316758155823
183.1369366645813
183.9577419757843
184.82342553138733
185.64423036575317
186.49096536636353
187.36263346672058
188.23031187057495
189.03316450119019
189.86992597579956
190.76353573799133
191.5803506374359
192.4071397781372
193.26584243774414
194.08664679527283
194.89548349380493
195.7362344264984
196.5739929676056
197.42372035980225
198.25150561332703
199.06532883644104
199.91705107688904
200.7827353477478
201.63645100593567
202.49914360046387
203.36682295799255
204.21256041526794
205.0353593826294
205.96886277198792
206.85848236083984
207.70023107528687
208.54497146606445
209.4435670375824
210.4329206943512
211.24574756622314
212.0635585784912
212.89333939552307
213.74705576896667
214.596782207489
215.42855787277222
216.2513575553894
217.0601930618286
217.87601041793823
219.3232707977295
220.27372789382935
221.13043665885925
222.01706409454346
222.90967655181885
223.92894959449768
224.8066029548645
225.63837718963623
226.49209332466125
227.3876986503601
228.33199310302734
229.13783979415894
230.00452065467834
230.79440927505493
231.66507935523987
232.52079033851624
233.3794927597046
234.21924710273743
235.0320725440979
235.8458957672119
236.68165969848633
237.4885015487671
238.2933485507965
239.1480622291565
239.9888129234314
240.79665207862854
241.63840055465698
242.46618628501892
243.28399848937988
244.1287398338318
245.00738906860352
245.88504076004028
246.72279977798462
247.51867151260376
248.40031242370605
249.20017266273499
250.06785225868225
250.9195740222931
251.73838305473328
252.51430773735046
253.3381040096283
254.16190147399902
255.02560305595398
255.8194661140442
256.6582238674164
257.4770324230194
258.38959312438965
259.1904489994049
260.0381820201874
260.89189863204956
262.30285263061523
263.2792410850525
264.2416663169861
265.03953218460083
265.84836888313293
266.68513011932373
267.49396681785583
268.3357152938843
269.1894316673279
270.02020955085754
270.8819043636322
271.7356207370758
272.5903344154358
273.45003485679626
274.3017563819885
275.1993553638458
276.0650396347046
276.913770198822
277.79042530059814
278.5862948894501
279.4220600128174
280.3116807937622
281.1604108810425
282.0420517921448
282.91671109199524
283.763445854187
284.6351146697998
285.46489572525024
286.33257389068604
287.2221956253052
288.11580443382263
288.94159483909607
289.7793536186218
290.66299057006836
291.5286748409271
292.36045002937317
293.2081823348999
294.0738661289215
294.8567717075348
295.76434421539307
296.5911331176758
297.4857397079468
298.34344601631165
299.1802098751068
300.0149805545807
300.82381105422974
301.6645612716675
302.46142959594727
303.27425503730774
304.06414270401
305.62211656570435
306.4349422454834
307.2846693992615
308.11245489120483
308.9661717414856
309.782986164093
310.62373757362366
311.45451498031616
312.3341624736786
313.2108175754547
314.09046387672424
315.0479040145874
315.8906490802765
316.8022108078003
317.67188477516174
318.53457593917847
319.4222021102905
320.4115560054779
321.242333650589
322.16187381744385
323.00262427330017
323.8254246711731
324.6681685447693
325.5109152793884
326.32772946357727
327.1575105190277
328.0122239589691
328.865939617157
329.70968294143677
330.5235071182251
331.330349445343
332.23293590545654
333.1235511302948
333.91842460632324
334.75618386268616
335.61388897895813
336.44267201423645
337.32431387901306
338.25582337379456
339.10654735565186
339.964252948761
340.7481551170349
341.694623708725
342.51941776275635
343.3651554584503
344.2088985443115
345.03369140625
345.9123420715332
346.7281587123871
347.58188009262085
348.97857117652893
349.81632947921753
350.6630651950836
351.54271149635315
352.3794732093811
353.2521393299103
354.08191990852356
354.9156894683838
355.79234433174133
356.64705753326416
357.5656008720398
358.45222878456116
359.353816986084
360.1945686340332
361.01836466789246
361.8262047767639
362.6928856372833
363.5854980945587
364.4003186225891
365.2330901622772
366.0977773666382
366.94551062583923
367.7972309589386
368.6529428958893
369.5719931125641
370.48269724845886
371.3310372829437
372.16390681266785
373.0007679462433
373.80571007728577
374.66949915885925
375.51822781562805
376.32905864715576
377.1229350566864
377.96468353271484
378.83136558532715
379.64221954345703
380.42969727516174
381.2690587043762
382.06302976608276
382.8829367160797
383.67291617393494
384.5297245979309
385.3300971984863
386.115993976593
387.04052090644836
387.8563394546509
388.6641778945923
389.5019373893738
390.342689037323
391.71592116355896
392.5267517566681
393.3465585708618
394.13345432281494
394.9442849159241
395.7900228500366
396.6078350543976
397.4146773815155
398.23448395729065
399.0862066745758
399.9035294055939
400.7253313064575
401.54214692115784
402.4666736125946
403.2904703617096
404.1032953262329
404.93307614326477
405.7818052768707
406.62155961990356
407.6727476119995
408.54042625427246
409.48190808296204
410.3725256919861
411.31400775909424
412.14179396629333
413.096239566803
413.92302775382996
414.70892572402954
415.54768228530884
416.3435537815094
417.1294515132904
417.9552421569824
418.7491180896759
419.56094789505005
420.3478422164917
421.14570713043213
421.9764862060547
422.81424474716187
423.6230821609497
424.50172996520996
425.4681453704834
426.3907403945923
427.3342697620392
428.1729736328125
429.00574684143066
429.90035343170166
430.7784171104431
431.7139148712158
432.630496263504
433.4572515487671
434.8661344051361
435.64804196357727
436.50475120544434
437.34151244163513
438.14935088157654
439.0030674934387
439.801931142807
440.57785415649414
441.41062664985657
442.1845564842224
443.0003755092621
443.8281605243683
444.6190450191498
445.41990303993225
446.2407078742981
447.08843874931335
447.9690833091736
448.7978661060333
449.6775131225586
450.51626992225647
451.35103702545166
452.1957769393921
453.0504906177521
453.8643138408661
454.7250111103058
455.50891518592834
456.4354362487793
457.30810618400574
458.18575382232666
459.0683927536011
459.90714931488037
460.71000146865845
461.56770753860474
462.3685646057129
463.2611770629883
464.06901597976685
464.954647064209
465.80437541007996
466.5942611694336
467.3821542263031
468.36552333831787
469.1893208026886
469.9841938018799
470.86683344841003
471.71855545043945
472.570276260376
473.34719729423523
474.2667374610901
475.08255529403687
475.878427028656
477.28665924072266
478.09250378608704
478.9113144874573
479.69023036956787
480.5120315551758
481.43556118011475
482.3351550102234
483.24372458457947
484.0376007556915
484.88832569122314
485.67422342300415
486.50998735427856
487.30785393714905
488.1525945663452
488.9504590034485
489.828111410141
490.61500692367554
491.4108774662018
492.2147283554077
493.1452388763428
494.0508162975311
494.8676311969757
495.7762007713318
496.64587450027466
497.4477288722992
498.2954614162445
499.1282341480255
499.9729747772217
500.93639731407166
501.7601933479309
502.61291241645813
503.49854469299316
504.3672204017639
505.1521213054657
505.97591614723206
506.83860993385315
507.7082829475403
508.54304933547974
509.3608615398407
510.21956968307495
511.058322429657
511.8900957107544
512.7168846130371
513.544671535492
514.3564984798431
515.1354148387909
515.9312858581543
516.7191784381866
517.5898492336273
518.4785058498383
519.918128490448
520.7858073711395
521.6415178775787
522.6039788722992
523.3948278427124
524.3103802204132
525.1431510448456
525.9360301494598
526.7787756919861
527.5766427516937
528.4024324417114
529.1913225650787
530.015118598938
530.8638484477997
531.6836559772491
532.5443530082703
533.410037279129
534.2178761959076
535.0197315216064
535.8535015583038
536.7012333869934
537.6417181491852
538.4744901657104
539.3272092342377
540.144024848938
540.9339127540588
541.7846355438232
542.6543097496033
543.5259780883789
544.3617417812347
545.2174527645111
546.0292809009552
546.8530781269073
547.8813672065735
548.6851785182953
549.5498652458191
550.3846304416656
551.22438621521
552.0411996841431
552.8909275531769
553.6967713832855
554.538519859314
555.4032061100006
556.2180263996124
557.0448162555695
557.9114978313446
558.7741887569427
559.6069617271423
560.4417295455933
561.2615368366241
562.6479136943817
563.4447810649872
564.2735638618469
565.0963640213013
565.918164730072
566.7559237480164
567.5896935462952
568.3885564804077
569.1704649925232
569.9992485046387
570.7931246757507
571.5879988670349
572.3878588676453
573.2016820907593
574.0145075321198
574.8622395992279
575.6441478729248
576.4290487766266
577.4034421443939
578.2501769065857
579.0689866542816
579.9237003326416
580.7584671974182
581.5712931156158
582.3751428127289
583.2119045257568
584.0177495479584
584.8106279373169
585.6114857196808
586.46919298172
587.2830142974854
588.1137924194336
588.9435727596283
589.7324621677399
590.5632400512695
591.4279272556305
592.2646887302399
593.1523139476776
594.0339560508728
594.8727121353149
595.676561832428
596.5382587909698
597.3680379390717
598.1768736839294
598.9657638072968
599.8344404697418
600.634299993515
601.4583456516266
602.2592027187347
603.0640504360199
604.4218833446503
605.206784248352
606.0365645885468
606.8852932453156
607.746988773346
608.5498406887054
609.3636639118195
610.1774876117706
611.0800726413727
611.908855676651
612.8224120140076
613.698070526123
614.5697376728058
615.4244513511658
616.3579540252686
617.2116708755493
618.0494303703308
618.8562715053558
619.6611187458038
620.4729466438293
621.3416233062744
622.1743969917297
622.9762511253357
623.7850873470306
624.5849471092224
625.4067494869232
626.2474999427795
627.0493559837341
627.8581917285919
628.7308571338654
629.6982700824738
630.5330364704132
631.4096913337708
632.293327331543
633.1570174694061
634.0506269931793
634.9462323188782
635.9305992126465
636.811243057251
637.6140944957733
638.4039816856384
639.1988558769226
640.0017077922821
640.8265016078949
641.6163890361786
642.4182441234589
643.2540080547333
644.0628442764282
644.8926246166229
645.6934823989868
647.0747890472412
647.8746480941772
648.7443215847015
649.5691158771515
650.3709704875946
651.1508841514587
652.0953598022461
652.9640338420868
653.8137619495392
654.6774520874023
655.5491194725037
656.3749117851257
657.2366054058075
658.0783531665802
658.8702354431152
659.699018239975
660.5128417015076
661.3256666660309
662.139490365982
662.9403479099274
663.7451949119568
664.5350816249847
665.318984746933
666.1437795162201
667.0014839172363
667.9160377979279
668.8475465774536
669.7012629508972
670.4781839847565
671.2690689563751
672.0848860740662
672.9595463275909
673.8322124481201
674.6590013504028
675.4977567195892
676.3085887432098
677.108448266983
677.936233997345
678.7879555225372
679.6426694393158
680.4923968315125
681.2972433567047
682.1649227142334
683.0116581916809
683.8005471229553
684.644289970398
685.5937507152557
686.4175465106964
687.2313697338104
688.067134141922
689.2468917369843
689.2977912425995
689.3466246128082
689.3875153064728
689.4124484062195
689.4363844394684
689.4615759849548
689.4865417480469
689.5114743709564
689.5364062786102
689.5613436698914
689.587272644043
689.6121876239777
689.6371395587921
689.6620738506317
689.6880044937134
689.712904214859
689.7378475666046
689.7618057727814
689.7867405414581
689.8116734027863
689.8356101512909
689.8605434894562
689.8864777088165
689.910409450531
689.9363193511963
689.9612402915955
689.9862058162689
690.0111064910889
690.0360743999481
690.061012506485
690.084938287735
690.1098732948303
690.1348111629486
690.1597452163696
690.1846408843994
690.2096099853516
690.2345423698425
690.2594738006592
690.2844066619873
690.3083472251892
690.3332765102386
690.3581767082214
690.3831577301025
690.4080967903137
690.4330117702484
690.456948518753
690.4818458557129
690.5067794322968
690.5317459106445
691.1049604415894
691.1298933029175
691.155820608139
691.1817800998688
691.2086794376373
691.2346131801605
691.2615373134613
691.2884693145752
691.3153929710388
691.3413627147675
691.3672585487366
691.3912217617035
691.4171245098114
691.4410943984985
691.4659941196442
691.490923166275
691.5158927440643
691.5407907962799
691.5657563209534
691.590696811676
691.6147673130035
691.6407029628754
691.6656005382538
691.690536737442
691.7155029773712
691.7406151294708
691.7645823955536
691.7895233631134
691.8144178390503
691.8393805027008
691.864330291748
691.8892507553101
691.9131863117218
691.9391212463379
691.963052034378
691.9879868030548
692.0138878822327
692.0388367176056
692.0637907981873
692.0877192020416
692.1126518249512
692.1375870704651
692.1625175476074
692.187451839447
692.2123899459839
692.2373206615448
692.2622530460358
692.2861909866333
692.3121249675751
692.3360571861267
