12.908527374267578
12.367263793945312
11.825996398925781
11.284732818603516
10.7434663772583
10.202201843261719
9.660935401916504
9.119668960571289
8.578404426574707
8.037140846252441
7.495874404907227
6.9546074867248535
6.41334342956543
6.371536731719971
6.248950958251953
5.82418155670166
5.17645788192749
4.913276672363281
4.766237735748291
4.573617935180664
4.34130859375
4.074306964874268
4.088972568511963
3.975111246109009
3.5674824714660645
3.3634557723999023
3.6885693073272705
3.872790813446045
3.9282844066619873
3.968524932861328
3.9480388164520264
3.8734123706817627
3.750458240509033
3.5843446254730225
3.75278902053833
3.773207902908325
3.539548873901367
3.193382978439331
3.3661141395568848
3.43017578125
3.24399471282959
3.398573398590088
3.5670266151428223
3.6077425479888916
3.5481185913085938
3.4828438758850098
3.369596481323242
3.4712836742401123
3.50046443939209
3.2988622188568115
3.204946279525757
3.3402891159057617
3.2392561435699463
3.1848742961883545
3.3952488899230957
3.3782527446746826
3.1794323921203613
3.2164931297302246
3.2365918159484863
3.0588150024414062
3.089623212814331
3.0703768730163574
3.1134815216064453
3.134526252746582
3.174419641494751
3.1772329807281494
3.1255855560302734
3.1635701656341553
3.1112477779388428
3.246903419494629
3.1905055046081543
3.2103254795074463
3.356051445007324
3.307941436767578
3.1152219772338867
3.330066680908203
3.3737003803253174
3.2033443450927734
3.2573089599609375
3.3726096153259277
3.2690539360046387
3.305266857147217
3.3491194248199463
3.4859955310821533
3.40537428855896
3.1523749828338623
3.278000593185425
3.3463449478149414
3.2169506549835205
3.184990644454956
3.301182270050049
3.2931387424468994
3.117330312728882
3.1563429832458496
3.078366756439209
3.090769052505493
3.0912160873413086
3.1816303730010986
3.131565570831299
3.217580795288086
3.2376976013183594
3.2192184925079346
3.1831562519073486
3.170469284057617
3.1536340713500977
3.133073329925537
3.109157085418701
3.1256065368652344
3.1448915004730225
3.141789197921753
3.118655204772949
3.077615737915039
3.0792088508605957
3.110161304473877
3.1177611351013184
3.104466199874878
3.0753164291381836
3.0829577445983887
3.0844271183013916
3.0803382396698
3.0779168605804443
3.0599594116210938
3.07614803314209
3.088653087615967
3.0798287391662598
3.07246732711792
3.0785293579101562
3.0859975814819336
3.0727221965789795
3.0786499977111816
3.082266330718994
3.0832722187042236
3.0715556144714355
3.0592010021209717
3.0838310718536377
3.0870108604431152
3.069967031478882
3.067061424255371
3.102152109146118
3.115636110305786
3.1078920364379883
3.0811235904693604
3.084228992462158
3.0965805053710938
3.1074419021606445
3.097452163696289
3.0770883560180664
3.0629053115844727
3.09591007232666
3.106372117996216
33.3898811340332
32.865333557128906
32.162010192871094
31.332996368408203
30.42334747314453
29.449499130249023
28.431690216064453
27.380813598632812
26.305431365966797
25.21603012084961
24.11391258239746
22.999900817871094
21.880844116210938
20.763750076293945
19.64870834350586
18.533748626708984
17.4742374420166
16.503002166748047
15.575972557067871
14.679983139038086
13.905961990356445
13.244104385375977
12.665506362915039
12.161678314208984
11.71367073059082
11.305183410644531
10.914111137390137
10.529433250427246
10.160238265991211
9.7888765335083
9.412741661071777
9.03382396697998
8.641031265258789
8.234302520751953
7.838762283325195
7.502286911010742
7.218207359313965
6.954543113708496
6.709202289581299
6.484316349029541
6.275769233703613
6.068734169006348
5.849558353424072
5.61898946762085
5.382710933685303
5.159759998321533
4.982338905334473
4.861771106719971
4.776385307312012
4.7066497802734375
4.628963947296143
4.536487579345703
4.425198554992676
4.298584461212158
4.175508975982666
4.085879325866699
4.028206825256348
3.989281177520752
3.966811180114746
3.942241668701172
3.9053139686584473
3.863687753677368
3.830429792404175
3.8128299713134766
3.8031177520751953
3.7903103828430176
3.76881742477417
3.7406930923461914
3.707498788833618
3.677602767944336
3.6601197719573975
3.653010606765747
3.650165557861328
3.6465165615081787
3.6401968002319336
3.631574869155884
3.622131586074829
3.6131772994995117
3.606285572052002
3.598646879196167
3.5874814987182617
3.576676607131958
3.566675901412964
3.559361219406128
3.5534989833831787
3.554168462753296
3.5562970638275146
3.555365562438965
3.553149938583374
3.551722526550293
3.549961566925049
3.5457923412323
3.543532133102417
3.5417239665985107
3.5394084453582764
3.535919427871704
3.533129930496216
3.5348687171936035
3.5347371101379395
3.532562255859375
3.5323216915130615
3.53347110748291
3.5321831703186035
3.532711982727051
3.532897710800171
3.5330426692962646
3.531630516052246
3.5290579795837402
3.5294981002807617
3.529428482055664
3.5272624492645264
3.5262064933776855
3.529611825942993
3.53045654296875
3.5289511680603027
3.5262551307678223
3.526691436767578
3.5265257358551025
3.5269296169281006
3.5252022743225098
3.524991512298584
3.525853395462036
3.5248780250549316
3.5242919921875
3.5247368812561035
3.524275302886963
3.5226497650146484
3.5238661766052246
3.5229239463806152
3.52384090423584
3.525221347808838
3.5247609615325928
3.523930788040161
3.5233101844787598
3.5235767364501953
3.5228075981140137
3.522477149963379
3.5221433639526367
3.521362066268921
3.5220890045166016
3.521456480026245
3.522367477416992
3.5217885971069336
3.521637439727783
3.521742820739746
3.5207724571228027
3.5218043327331543
3.520646095275879
3.5224127769470215
3.522954225540161
3.5212690830230713
3.520866870880127
3.5202949047088623
3.519820213317871
3.5203495025634766
3.520705223083496
3.520806312561035
3.520683765411377
3.5203628540039062
3.5198678970336914
3.5194716453552246
3.5197856426239014
3.5198473930358887
3.5196871757507324
3.519348382949829
3.519354820251465
3.5193488597869873
3.519243001937866
3.519130229949951
3.519127368927002
3.519012451171875
3.5189573764801025
3.518907308578491
3.519017219543457
3.5189404487609863
3.5188674926757812
3.518838405609131
3.518777847290039
3.51875376701355
3.5186967849731445
3.5186848640441895
3.518740653991699
3.5185985565185547
3.518679618835449
3.518707275390625
3.518554925918579
3.5184452533721924
3.518611431121826
3.5185790061950684
3.5183427333831787
3.5184876918792725
3.5185906887054443
3.5184731483459473
3.5183093547821045
3.518324375152588
3.518280029296875
3.518277168273926
3.5180864334106445
3.518125295639038
3.5182013511657715
3.5180580615997314
3.5179245471954346
3.518205165863037
3.5182504653930664
3.5181117057800293
3.517774820327759
3.518008232116699
3.5181944370269775
3.5181546211242676
3.517914056777954
3.517507791519165
3.5178422927856445
3.5179684162139893
3.517874002456665
3.5176048278808594
3.5174858570098877
3.517857551574707
3.5180156230926514
3.51794695854187
3.5176801681518555
3.5173442363739014
3.5173659324645996
3.5174779891967773
3.517454147338867
3.517240285873413
3.517094612121582
3.517200469970703
3.5170907974243164
3.516948699951172
3.517207384109497
3.5172414779663086
3.5170786380767822
3.516756296157837
3.516915798187256
3.5168802738189697
3.5167417526245117
3.516746759414673
3.5166971683502197
3.516653299331665
3.516554832458496
3.516533851623535
3.516481637954712
3.5165302753448486
3.5164027214050293
3.516536235809326
3.5165505409240723
3.5163559913635254
3.5164341926574707
3.5165021419525146
3.5164079666137695
3.516324996948242
3.516221046447754
3.5164215564727783
3.5164239406585693
3.5162198543548584
3.5162954330444336
3.516373634338379
3.516247034072876
3.5163357257843018
3.5164761543273926
3.5164718627929688
3.5162646770477295
3.516280174255371
3.5164198875427246
3.5163474082946777
3.516094207763672
3.5162110328674316
3.5161643028259277
3.5162272453308105
3.516331672668457
3.51627254486084
3.5162081718444824
3.516322374343872
3.5163681507110596
3.5162105560302734
3.516185998916626
3.5162863731384277
3.5161871910095215
3.516138792037964
3.5161969661712646
3.5160601139068604
3.5160505771636963
3.5160961151123047
3.5160560607910156
3.51613187789917
3.5160508155822754
3.516209363937378
3.516247034072876
3.5160796642303467
3.5162343978881836
3.5163302421569824
3.5162484645843506
3.5160789489746094
3.516278028488159
3.516354560852051
3.5162270069122314
3.516022205352783
3.516234874725342
3.5162453651428223
3.5160584449768066
3.5162198543548584
3.5163488388061523
3.516265392303467
3.5161280632019043
3.5162010192871094
3.5162718296051025
3.516141176223755
3.5160298347473145
3.5161054134368896
3.5159780979156494
3.516167163848877
3.5162456035614014
3.516122817993164
3.515993118286133
3.5160627365112305
3.5160038471221924
3.5160012245178223
3.515942335128784
3.515946388244629
3.5159778594970703
3.5159497261047363
3.5160434246063232
3.5159478187561035
3.516077995300293
3.5161240100860596
3.515979290008545
3.5159969329833984
3.515958309173584
3.5159051418304443
3.515970468521118
3.515927314758301
3.515930414199829
3.51593017578125
3.515873670578003
3.5159997940063477
3.5159661769866943
3.5159637928009033
3.516055107116699
3.5159847736358643
3.515916109085083
3.5160555839538574
3.5160529613494873
3.5158581733703613
3.516071319580078
3.5161468982696533
3.5160226821899414
3.5158917903900146
3.5160341262817383
3.5159692764282227
3.5158722400665283
145.67347717285156
139.87205505371094
134.09652709960938
128.74942016601562
123.43620300292969
118.15003204345703
112.78014373779297
107.36976623535156
102.09861755371094
96.93827056884766
92.42842102050781
87.84225463867188
83.13304138183594
78.60289764404297
75.86241149902344
73.04070281982422
70.2605209350586
67.29146575927734
64.59952545166016
61.82746887207031
58.79108428955078
55.8231201171875
52.74640655517578
49.94733810424805
47.240478515625
44.95352554321289
43.103389739990234
41.217655181884766
39.17891311645508
36.9241943359375
34.778438568115234
33.02265930175781
31.327320098876953
29.971576690673828
28.66518783569336
27.25629425048828
25.50277328491211
23.240707397460938
21.267284393310547
19.637569427490234
18.22435188293457
16.708236694335938
15.353531837463379
14.706557273864746
14.279677391052246
13.639934539794922
12.62084674835205
11.307136535644531
10.265210151672363
9.553295135498047
8.999375343322754
8.26563549041748
7.451610088348389
6.670614719390869
5.970050811767578
5.262327194213867
5.454066276550293
5.633805751800537
5.543529510498047
5.590207099914551
5.673002243041992
5.772600173950195
5.880596160888672
5.893138885498047
5.778257369995117
5.552749156951904
5.153064250946045
4.572786808013916
4.2718634605407715
4.274442672729492
4.240838050842285
4.187968730926514
4.232262134552002
4.230757713317871
4.177578449249268
3.9616057872772217
3.527771234512329
3.4060604572296143
3.635599374771118
3.738344192504883
3.5766544342041016
3.3496592044830322
3.4679248332977295
3.589043378829956
3.6124653816223145
3.589470386505127
3.4050533771514893
3.1827552318573
3.2027246952056885
3.4102611541748047
3.4496407508850098
3.252413034439087
3.127671957015991
3.223998546600342
3.198585271835327
3.2470741271972656
3.164566993713379
3.045593023300171
3.083015203475952
3.086078405380249
3.1863958835601807
3.0968947410583496
3.048551321029663
3.0534961223602295
3.024432897567749
3.302859306335449
3.3550102710723877
3.2963850498199463
3.0460243225097656
3.074289083480835
3.154796600341797
3.20194935798645
3.2261576652526855
3.1730222702026367
3.011403799057007
2.8883442878723145
3.043304204940796
2.9484305381774902
3.048938512802124
2.908261299133301
2.9762938022613525
3.1225616931915283
3.026174306869507
3.0023326873779297
3.03745698928833
3.051875591278076
2.9134345054626465
2.9050636291503906
3.168447256088257
3.2007830142974854
2.9955103397369385
2.9549529552459717
2.932953357696533
2.9619789123535156
2.8712174892425537
2.911378860473633
2.9461007118225098
2.904489278793335
2.9352877140045166
2.8767967224121094
2.8887479305267334
3.031569242477417
3.0813820362091064
2.9899673461914062
2.8583946228027344
2.947506904602051
2.9211041927337646
2.827653408050537
2.898927688598633
3.0311052799224854
31.440906524658203
31.350385665893555
31.243297576904297
31.142963409423828
31.040966033935547
30.95073890686035
30.84950828552246
30.742704391479492
30.66238021850586
30.553808212280273
30.46353530883789
30.365055084228516
30.279273986816406
30.205286026000977
30.148353576660156
30.119144439697266
30.092063903808594
30.072582244873047
30.070293426513672
30.06121063232422
30.053258895874023
30.04843521118164
30.051490783691406
30.045373916625977
30.04100799560547
30.05228042602539
30.062389373779297
30.067920684814453
30.072420120239258
30.065963745117188
30.069992065429688
30.05314064025879
30.048877716064453
30.038917541503906
30.02007484436035
29.998361587524414
29.986268997192383
29.962312698364258
29.939207077026367
29.919069290161133
29.899524688720703
29.872859954833984
29.852890014648438
29.828556060791016
29.80327606201172
29.789560317993164
29.785423278808594
29.78361701965332
29.789718627929688
29.78342056274414
29.79493522644043
29.80370330810547
29.80843162536621
29.811288833618164
29.814868927001953
29.814697265625
29.81535530090332
29.818675994873047
29.818906784057617
29.819297790527344
29.82023048400879
29.81829261779785
29.815542221069336
29.811954498291016
29.812868118286133
29.810718536376953
29.80303955078125
29.797658920288086
29.790706634521484
29.787628173828125
29.779945373535156
29.774709701538086
29.770280838012695
29.765552520751953
29.766189575195312
29.760263442993164
29.760377883911133
29.75943946838379
29.75968360900879
29.761255264282227
29.76140594482422
29.763248443603516
29.762561798095703
29.76561737060547
29.764575958251953
29.75926399230957
29.754430770874023
29.75389862060547
29.752920150756836
29.75359344482422
29.755355834960938
29.758516311645508
29.761512756347656
29.76070213317871
29.760623931884766
29.758785247802734
29.756853103637695
29.754505157470703
29.754932403564453
29.757186889648438
29.757465362548828
29.75774574279785
29.758968353271484
29.757808685302734
29.759042739868164
29.76235008239746
29.762739181518555
29.761566162109375
29.761667251586914
29.760875701904297
29.760120391845703
29.75984764099121
29.759410858154297
29.75644302368164
29.75527000427246
29.75469970703125
29.75547981262207
29.755268096923828
29.754894256591797
29.753721237182617
29.752092361450195
29.751691818237305
29.750532150268555
29.749691009521484
29.750120162963867
29.75059700012207
29.749420166015625
29.749971389770508
29.74843406677246
29.748281478881836
29.746286392211914
29.745996475219727
29.74520492553711
29.74530029296875
29.74489402770996
29.745237350463867
29.74416732788086
29.74371337890625
29.743526458740234
29.742826461791992
29.742713928222656
29.74175262451172
29.741943359375
29.741506576538086
29.740806579589844
29.74056625366211
29.740169525146484
29.73990249633789
29.738094329833984
29.73802947998047
29.73877716064453
28.8134765625
27.918550491333008
27.024320602416992
26.13663673400879
25.239870071411133
24.35041618347168
23.4743709564209
22.616212844848633
21.765146255493164
20.93114471435547
20.134140014648438
19.379863739013672
18.659334182739258
17.975128173828125
17.3625545501709
16.780275344848633
16.22256088256836
15.702150344848633
15.218766212463379
14.747331619262695
14.242985725402832
13.716682434082031
13.16362190246582
12.571043968200684
11.943059921264648
11.290193557739258
10.644533157348633
9.972604751586914
9.32653522491455
8.862275123596191
8.610499382019043
8.417617797851562
8.239790916442871
8.102295875549316
8.02639102935791
8.079509735107422
8.107491493225098
8.124588012695312
8.123964309692383
8.102009773254395
8.062230110168457
7.998690605163574
7.922645568847656
7.837716102600098
7.738316535949707
7.612035274505615
7.466188907623291
7.301975727081299
7.1255035400390625
6.946847438812256
6.78795862197876
6.6862077713012695
6.664889812469482
6.650705337524414
6.627441883087158
6.589727878570557
6.544922351837158
6.496494770050049
6.442810535430908
6.401689529418945
6.35990571975708
6.311825275421143
6.260113716125488
6.231039524078369
6.209697723388672
6.1968255043029785
6.178683280944824
6.14705228805542
6.123075008392334
6.099095821380615
6.072937488555908
6.045490741729736
6.013399600982666
5.988952159881592
5.980288505554199
5.973702430725098
5.9591264724731445
5.941486358642578
5.920041561126709
5.908705234527588
5.898392677307129
5.883401870727539
5.878807067871094
5.861888885498047
5.847655773162842
5.834904193878174
5.826197624206543
5.816065788269043
5.808995246887207
5.801499366760254
5.7880859375
5.774899959564209
5.763321399688721
5.758151531219482
5.755157947540283
5.7483744621276855
5.735066890716553
5.721042156219482
5.711635112762451
5.7002034187316895
5.69744873046875
5.68769645690918
5.681560516357422
5.667180061340332
5.665793418884277
5.660315990447998
5.656105041503906
5.6538496017456055
5.649993896484375
5.6429901123046875
5.6334662437438965
5.629274368286133
5.613386631011963
5.605742454528809
5.599420547485352
5.5901288986206055
5.5830979347229
5.578301429748535
5.574552536010742
5.564718723297119
5.560093879699707
5.5586256980896
5.552517890930176
5.549208641052246
5.546360969543457
5.542985916137695
5.535611152648926
5.530401229858398
5.5282158851623535
5.524850368499756
5.523138523101807
5.526061534881592
5.5246477127075195
5.523366451263428
5.522446632385254
5.522493362426758
5.520317077636719
5.519631385803223
5.517682075500488
5.5128493309021
5.5074262619018555
5.504013538360596
5.5027618408203125
5.502181053161621
5.498374938964844
5.495987415313721
5.4977850914001465
5.490463733673096
5.488348960876465
5.484546661376953
5.482251167297363
5.478401184082031
5.473169326782227
5.46866512298584
5.468790054321289
5.471892356872559
5.4687323570251465
5.4679484367370605
5.46730375289917
5.468771934509277
5.469170093536377
5.468199729919434
5.465113162994385
5.464480876922607
5.470056533813477
5.4718732833862305
5.46660852432251
5.462044715881348
5.462466239929199
5.4580278396606445
5.455239772796631
5.451582431793213
5.450916767120361
5.455684185028076
5.453818321228027
5.454831123352051
5.456729412078857
5.454651832580566
5.452793121337891
5.455234050750732
5.454940319061279
5.454361915588379
5.456544399261475
5.456629276275635
5.456647872924805
5.453395843505859
5.454180717468262
5.452759742736816
5.456329345703125
5.455743789672852
5.452373504638672
5.448623180389404
5.450628757476807
5.452435493469238
5.4505085945129395
5.449940204620361
5.4511332511901855
5.448044300079346
5.4469099044799805
5.4482903480529785
5.44860315322876
5.447709083557129
5.447628021240234
5.445279121398926
5.448195457458496
5.448619365692139
5.44771146774292
5.449031352996826
5.450659275054932
5.449581623077393
5.448970794677734
5.447432994842529
5.449770450592041
5.4555182456970215
5.4571533203125
5.454442501068115
5.457467079162598
5.456358432769775
5.454331874847412
5.453159809112549
5.4552083015441895
5.4553914070129395
5.453488349914551
5.4538750648498535
5.454430103302002
5.4531049728393555
5.45079231262207
5.445889472961426
5.448503494262695
5.449127197265625
5.4482221603393555
5.448586940765381
5.450131416320801
5.450423717498779
5.449404239654541
5.449908256530762
5.448425769805908
5.452515602111816
5.448975086212158
5.449212074279785
5.447791576385498
5.448695182800293
5.450928688049316
5.446957588195801
5.444520473480225
5.4463019371032715
5.445215225219727
5.4482011795043945
5.446929931640625
5.445047378540039
5.4442572593688965
5.4481353759765625
5.4477105140686035
5.445269584655762
5.444849014282227
5.448684215545654
5.447178840637207
5.445308208465576
5.445330619812012
5.444399833679199
5.444969654083252
5.443663120269775
5.446344375610352
5.446810722351074
5.443178653717041
5.441643714904785
5.439586639404297
5.440900802612305
5.441226005554199
5.444127559661865
5.444931507110596
5.442895412445068
5.4412126541137695
5.443171501159668
5.447544574737549
5.447071552276611
5.442778587341309
5.440575122833252
5.440532684326172
5.437880516052246
5.441691875457764
5.440407752990723
5.442986965179443
5.442853927612305
5.445818901062012
5.444154262542725
5.445601463317871
5.445766925811768
5.446937561035156
5.447259902954102
5.44711971282959
5.4457550048828125
5.444187641143799
5.441946029663086
5.44362735748291
5.445007801055908
5.443342208862305
5.439933776855469
5.440499305725098
5.440174102783203
5.4431867599487305
5.444243907928467
5.441204071044922
5.4408416748046875
5.4411702156066895
5.440419673919678
5.441437244415283
5.439999580383301
5.439655303955078
5.4386067390441895
5.439284801483154
5.439982891082764
5.438544750213623
5.435817718505859
5.435734272003174
5.435028076171875
5.4375386238098145
5.439931392669678
5.438994407653809
5.4376115798950195
5.435001373291016
5.433901309967041
5.435092449188232
5.4339919090271
5.434560775756836
5.4347405433654785
5.4378557205200195
5.435786247253418
5.4328293800354
5.431268215179443
5.4315643310546875
5.43192720413208
5.431004047393799
5.432988166809082
5.428891658782959
5.429727554321289
5.4297990798950195
5.4316606521606445
5.435293674468994
5.434320449829102
5.434264183044434
5.43536901473999
5.435065269470215
5.435287952423096
5.435467720031738
5.436576843261719
5.43328332901001
5.433452606201172
5.435925006866455
5.435726165771484
5.434401988983154
5.434711456298828
5.434250831604004
5.434154987335205
5.434291362762451
5.43878698348999
5.440118312835693
5.436958312988281
5.4346184730529785
5.4344987869262695
5.4360857009887695
5.436812877655029
5.437066555023193
5.4371137619018555
5.4371256828308105
5.435884475708008
5.436766147613525
5.439265727996826
5.44154167175293
5.443944931030273
5.442549228668213
5.443603038787842
5.443338394165039
5.444844722747803
5.4432477951049805
5.441490173339844
5.441263675689697
5.441989421844482
5.441959857940674
5.44337272644043
5.443975448608398
5.442089557647705
5.440402984619141
5.439658164978027
5.439427852630615
5.438523769378662
5.437908172607422
5.437695026397705
5.437997817993164
5.437647342681885
5.437557697296143
5.436493396759033
5.4334845542907715
5.43125581741333
5.432008743286133
5.4318318367004395
5.432079792022705
5.431732177734375
5.430349826812744
0.6916951537132263
0.6815416812896729
0.6716449856758118
0.6620185971260071
0.6528596878051758
0.644197404384613
0.6360207796096802
0.6284152865409851
0.6214280128479004
0.6150904297828674
0.6095010042190552
0.6047426462173462
0.6007115840911865
0.5973623991012573
0.5945947766304016
0.592345118522644
0.5907835960388184
0.5897594690322876
0.5891239643096924
0.5888783931732178
0.5889171957969666
0.5886977910995483
0.5879892110824585
0.5871568322181702
0.5862635970115662
0.5853610634803772
0.5845264792442322
0.5837300419807434
0.5830297470092773
0.5825709104537964
0.5824146866798401
0.5824242830276489
0.5825722813606262
0.5825550556182861
0.5823158025741577
0.5820052027702332
0.5817205309867859
0.5814222097396851
0.5811155438423157
0.5808819532394409
0.5807905197143555
0.5807943940162659
0.5807717442512512
0.5806861519813538
0.5805584192276001
0.580447793006897
0.5803577899932861
0.580214262008667
0.580079972743988
0.5799789428710938
0.5800151824951172
0.5800542831420898
0.5800011157989502
0.5799531936645508
0.5798333883285522
0.5797065496444702
0.5796776413917542
0.579719603061676
0.5797358751296997
0.5797215104103088
0.5796462893486023
0.5795685648918152
0.5795953273773193
0.5796539783477783
0.5796412825584412
0.5796133279800415
0.5795783996582031
0.5795342326164246
0.5795738101005554
0.5795624256134033
0.5794937610626221
0.5794824361801147
0.5795094966888428
0.5794944763183594
0.579468846321106
0.5794323682785034
0.5794128775596619
0.5794466137886047
0.5794673562049866
0.5794416666030884
0.5794022679328918
0.5794206857681274
0.5794281363487244
0.5794358253479004
0.5794127583503723
0.5794132947921753
0.5794387459754944
0.5794221758842468
0.5794367790222168
0.5794338583946228
0.5794079303741455
0.5794048309326172
0.5794394016265869
0.5794467329978943
0.5794395208358765
0.5794293880462646
0.579423725605011
0.5794076323509216
0.5793923735618591
0.5793907642364502
