2.261504888534546
2.409109354019165
2.5497324466705322
2.6863672733306885
2.8289852142333984
2.9785852432250977
3.1222009658813477
3.265817165374756
3.4074385166168213
3.5450706481933594
3.7016525268554688
3.841278553009033
3.9829001426696777
4.126514434814453
4.275116920471191
4.4187328815460205
4.562349081039429
4.700978755950928
4.842598915100098
4.989207029342651
5.128833055496216
5.265467882156372
5.404097080230713
5.555692911148071
5.693323373794556
5.829957723617554
5.974570989608765
6.116192817687988
6.258810758590698
6.397439956665039
6.54105544090271
6.682677507400513
6.830283880233765
6.971904277801514
7.116516351699829
7.2681121826171875
7.422698497772217
7.571300268173218
7.718905687332153
7.867509841918945
8.0270836353302
8.176680326461792
8.325284242630005
8.479869365692139
8.638445854187012
8.791042566299438
8.94462776184082
9.0912344455719
9.241832256317139
9.41237473487854
10.417431116104126
10.594955682754517
10.749541521072388
10.898144483566284
11.046747922897339
11.20233154296875
11.363898754119873
11.519482374191284
11.673070907592773
11.81568956375122
11.956314086914062
12.105914115905762
12.25252103805542
12.401124715805054
12.567678689956665
12.713289737701416
12.887821674346924
13.04141092300415
13.195000410079956
13.341608762741089
13.494200468063354
13.637815475463867
13.782429218292236
13.927042961120605
14.077641487121582
14.247185230255127
14.407756090164185
14.56932520866394
14.728897333145142
14.90143609046936
15.05701994895935
15.224571466445923
15.380154609680176
15.538731098175049
15.76512598991394
15.911734104156494
16.061333179473877
16.205946922302246
16.40840744972229
16.56897521018982
16.7195725440979
16.90407943725586
17.050686359405518
17.222228288650513
17.49051022529602
17.659059524536133
17.810654163360596
17.95227575302124
18.099880695343018
18.264439344406128
19.18067502975464
19.32628607749939
19.489849090576172
19.635459423065186
19.780072689056396
19.938647270202637
20.088247776031494
20.230865716934204
20.371490478515625
20.558988094329834
20.702603816986084
20.84422516822815
20.9898362159729
21.135447025299072
21.279062747955322
21.42566967010498
21.565296411514282
21.716891288757324
21.87347173690796
22.016090393066406
22.159706592559814
22.304319858551025
22.446937561035156
22.59254813194275
22.74912977218628
22.890750885009766
23.067278385162354
23.211891889572144
23.34952449798584
23.493139266967773
23.63077163696289
23.779375314712524
23.92099618911743
24.06660532951355
24.20423722267151
24.350844860076904
24.499447345733643
24.639073848724365
24.783687353134155
24.928300142288208
25.072914600372314
25.21752667427063
25.363137006759644
25.510742664337158
25.65435814857483
25.80296039581299
25.9844753742218
26.12709403038025
26.26472568511963
26.40734362602234
27.344616413116455
27.487235069274902
27.63683557510376
27.79940152168274
27.989890336990356
28.13649821281433
28.28609824180603
28.462626218795776
28.64214587211609
28.790748119354248
28.937355995178223
29.08994770050049
29.23555850982666
29.37917470932007
29.52279043197632
29.686352729797363
29.855900526046753
30.045392990112305
30.188010454177856
30.337610483169556
30.48521590232849
30.629828929901123
30.768458604812622
30.951967000961304
31.095584392547607
31.248175382614136
31.49850583076477
31.643118381500244
31.80069661140442
31.948302268981934
32.12981629371643
32.277422189712524
32.42004108428955
32.562660932540894
32.702287435531616
32.85088872909546
32.99949097633362
33.18499493598938
33.33459448814392
33.47721195220947
33.6228232383728
33.764445066452026
33.908061027526855
34.05267286300659
34.213245153427124
34.35287022590637
34.58325481414795
34.726869344711304
34.87048625946045
35.04102897644043
35.972801208496094
36.23410391807556
36.37273144721985
36.51136112213135
36.658966302871704
36.86840558052063
37.09180784225464
37.24639439582825
37.39100885391235
37.5775089263916
37.7151415348053
37.854767084121704
38.0013747215271
38.138010025024414
38.27963209152222
38.42723608016968
38.575838804244995
38.72144865989685
38.87005162239075
39.04258966445923
39.25601935386658
39.40063285827637
39.54424786567688
39.685868978500366
39.83148002624512
39.97409772872925
40.121702909469604
40.271302938461304
40.526620388031006
40.67123317718506
40.813852310180664
41.00733399391174
41.146960735321045
41.315509557724
41.46012258529663
41.60673117637634
41.76131820678711
41.90792655944824
42.10041570663452
42.24701905250549
42.395620822906494
42.53923726081848
42.69282627105713
42.83843660354614
42.982051610946655
43.12367343902588
43.265294551849365
43.409907817840576
43.55152869224548
43.69614219665527
44.62964677810669
44.79819416999817
44.939815521240234
45.08442974090576
45.23502564430237
45.37465262413025
45.51826763153076
45.6678671836853
45.81048655509949
45.946123361587524
46.08674764633179
46.2343533039093
46.37497639656067
46.51958894729614
46.69711470603943
46.83773875236511
46.97935914993286
47.11699175834656
47.26359987258911
47.415194034576416
47.55581712722778
47.70142912864685
47.848036766052246
48.01159954071045
48.167181968688965
48.312793016433716
48.45241832733154
48.6020188331604
48.74463701248169
48.88426470756531
49.04483389854431
49.1894474029541
49.33406162261963
49.50460386276245
49.656198501586914
49.84269952774048
49.99229979515076
50.140902042388916
50.285515546798706
50.42713713645935
50.56377172470093
50.710378646850586
50.8799250125885
51.0345139503479
51.22998857498169
51.3765971660614
51.61096930503845
51.7545862197876
51.95604681968689
52.10564684867859
53.02718138694763
53.174787759780884
53.3193998336792
53.47598052024841
53.62159204483032
53.75822615623474
53.90283942222595
54.07836985588074
54.24991059303284
54.39053559303284
54.55010747909546
54.69771385192871
54.848310232162476
54.991926193237305
55.14451742172241
55.303094148635864
55.45568585395813
55.602293491363525
55.744911670684814
55.892518043518066
56.05707621574402
56.2754921913147
56.4260892868042
56.5786817073822
56.79111456871033
57.0155131816864
57.15214729309082
57.333662033081055
57.48625373840332
57.656797647476196
57.87022686004639
58.014840602874756
58.15646052360535
58.29608678817749
58.438705921173096
58.58531332015991
58.76483464241028
58.91243886947632
59.07101488113403
59.22260928153992
59.38716959953308
59.53876280784607
59.68736529350281
59.9376962184906
60.09128546714783
60.26482105255127
60.44833040237427
60.596932888031006
60.7535138130188
60.93403077125549
61.893465518951416
62.04406118392944
62.18667984008789
62.36620044708252
62.504828691482544
62.654428482055664
62.8060245513916
62.95761799812317
63.1032280921936
63.24584770202637
63.40242862701416
63.54504680633545
63.68965935707092
63.83227825164795
63.98686504364014
64.12649083137512
64.2750940322876
64.41970729827881
64.56232500076294
64.69995737075806
64.84855914115906
65.00613784790039
65.16870379447937
65.31032466888428
65.4679024219513
65.6125156879425
65.76510763168335
65.9127128124237
66.06630277633667
66.22388076782227
66.37647318840027
66.52008819580078
66.66470122337341
66.80532622337341
66.94993829727173
67.10153484344482
67.24215698242188
67.38776683807373
67.54035902023315
67.69693994522095
67.84354853630066
68.00411891937256
68.15970301628113
68.33323788642883
68.49281096458435
68.66834259033203
68.81494975090027
68.95856595039368
69.10617017745972
69.25277876853943
70.20423531532288
70.34984374046326
70.5223822593689
70.69691491127014
70.85748600959778
71.01406741142273
71.22350716590881
71.382084608078
71.53966093063354
71.69624209403992
71.83786368370056
72.05927181243896
72.20787405967712
72.35647654533386
72.499094247818
72.6646523475647
72.84118008613586
72.99377107620239
73.13938188552856
73.29197454452515
73.43060255050659
73.57322382926941
73.71883177757263
73.89137005805969
74.04495930671692
74.19455981254578
74.34914660453796
74.49375915527344
74.64335823059082
74.78497982025146
74.93857002258301
75.08418083190918
75.2467451095581
75.42626476287842
75.64966773986816
75.8441469669342
76.00970411300659
76.17027378082275
76.320871591568
76.51634883880615
76.65996527671814
76.80158567428589
76.94220900535583
77.1855583190918
77.3311698436737
77.47279024124146
77.61939835548401
77.76401138305664
77.90663003921509
78.06520509719849
79.01865482330322
79.1772313117981
79.34278988838196
79.4933853149414
79.64497923851013
79.79358196258545
79.94517636299133
80.13666558265686
80.30521368980408
80.4528181552887
80.59842920303345
80.7560076713562
80.89962315559387
81.09111094474792
81.23971462249756
81.39430046081543
81.53592157363892
81.67853999137878
81.87501454353333
82.02760648727417
82.1692271232605
82.3218207359314
82.47141909599304
82.62500953674316
82.776602268219
82.92819857597351
83.07480454444885
83.21642589569092
83.37101292610168
83.52061295509338
83.67021226882935
83.81681966781616
83.95844173431396
84.11801409721375
84.28357172012329
84.43815779685974
84.5997257232666
84.75231742858887
84.89393854141235
85.04952239990234
85.20809888839722
85.35570430755615
85.50430607795715
85.66188478469849
85.81048655509949
85.95908951759338
86.11267852783203
86.29618859291077
86.45077443122864
86.61732864379883
88.51224684715271
89.66316771507263
90.81521821022034
92.0088357925415
93.14878726005554
94.284747838974
95.39976644515991
96.57661724090576
97.74050402641296
98.9343101978302
100.09819722175598
101.2750518321991
102.33720779418945
103.48713302612305
104.6410460472107
105.72315073013306
106.82719683647156
107.9232656955719
109.06620812416077
110.17125201225281
111.30122947692871
112.48007822036743
113.62800669670105
114.81881999969482
115.92486238479614
117.19346928596497
118.30848479270935
119.46638798713684
120.5365264415741
121.62162470817566
122.68278527259827
123.77286887168884
124.94972014427185
126.03182601928711
127.1318826675415
128.19204688072205
129.33897852897644
130.44900941848755
131.6497983932495
132.77578687667847
133.86088252067566
135.0786256790161
136.19065189361572
137.33957862854004
138.3827886581421
139.54767084121704
140.62678456306458
141.71886324882507
142.86180543899536
144.0396544933319
145.87474751472473
146.97580075263977
148.08982038497925
149.20483803749084
150.32783436775208
151.36605787277222
152.510995388031
153.63598465919495
154.68816995620728
155.72838830947876
156.79852485656738
157.92152166366577
159.01659393310547
160.06379103660583
161.23670315742493
162.3227982521057
163.43781757354736
164.55482697486877
165.7516257762909
166.85367798805237
168.08937239646912
169.37393832206726
170.53283643722534
171.75656270980835
172.82470679283142
173.90282154083252
174.98193502426147
176.0241470336914
177.170081615448
178.19533896446228
179.31534457206726
180.42537426948547
181.52443528175354
182.6823365688324
183.8212914466858
184.91536331176758
186.00843954086304
187.1992552280426
188.47085237503052
189.69358372688293
190.74377369880676
191.88073110580444
192.95186614990234
194.05591416358948
195.1200659275055
196.1523060798645
197.2194516658783
198.33845686912537
199.40061569213867
200.66523432731628
202.75600218772888
203.94182920455933
205.08975958824158
206.20577311515808
207.4504430294037
208.56845378875732
209.67649006843567
210.84835386276245
211.93045926094055
213.05245804786682
214.12259531021118
215.30642986297607
216.44637966156006
217.50754117965698
218.67940711975098
219.73059391975403
220.91143536567688
222.12219715118408
223.22225499153137
224.28341579437256
225.4163863658905
226.52841186523438
227.6553966999054
228.72054648399353
229.7747266292572
230.91467690467834
232.0247094631195
233.08487224578857
234.1220986843109
235.31490778923035
236.56855368614197
237.62971591949463
238.93621945381165
240.07417607307434
241.2191140651703
242.389981508255
243.4780716896057
244.61303424835205
245.7160840034485
246.92485117912292
248.04884386062622
249.1528902053833
250.26192474365234
251.31809830665588
252.4051902294159
253.53716254234314
254.6312358379364
255.8120768070221
256.95502042770386
258.0321397781372
259.95200419425964
261.0131735801697
262.10424733161926
263.1983206272125
264.315331697464
265.41937947273254
266.52641797065735
267.65838980674744
268.705589056015
269.77273297309875
270.9057021141052
272.1144685745239
273.18061661720276
274.26072788238525
275.3857181072235
276.51270484924316
277.7474009990692
278.97910714149475
280.1579530239105
281.3068792819977
282.42289447784424
283.574814081192
284.7676224708557
285.93848991394043
287.178174495697
288.2752401828766
289.4002299308777
290.5022828578949
291.5714228153229
292.69541597366333
293.8972017765045
295.0331621170044
296.145188331604
297.27616357803345
298.3692376613617
299.5101866722107
300.58730578422546
301.7083058357239
302.73655581474304
303.80070972442627
304.9416573047638
306.00980043411255
307.12381982803345
308.20692229270935
309.3847713470459
310.52273297309875
311.6337556838989
312.9013659954071
314.03134274482727
315.1942312717438
317.04499435424805
318.13707280158997
319.1812787055969
320.2294752597809
321.28365445137024
322.3438186645508
323.3790509700775
324.49245381355286
325.6304099559784
326.9020080566406
328.00406098365784
329.1430149078369
330.2291090488434
331.34711813926697
332.4481723308563
333.54723262786865
334.76597237586975
335.83012676239014
336.9192125797272
337.99234199523926
339.04452776908875
340.107684135437
341.23566603660583
342.3586621284485
343.4836525917053
344.57972145080566
345.7525851726532
346.855633020401
348.17909359931946
349.3190438747406
350.6454951763153
351.7136375904083
352.852591753006
353.955641746521
355.0556993484497
356.0889353752136
357.2657859325409
358.3518817424774
359.447949886322
360.5809187889099
361.6959352493286
362.77505016326904
363.84518671035767
364.97117614746094
366.03632497787476
367.1692941188812
368.24940490722656
369.3135595321655
370.37272572517395
371.4747793674469
373.4086067676544
374.57947301864624
375.67454290390015
376.7885642051697
377.85271739959717
378.98867774009705
380.14159393310547
381.29351234436035
382.4474277496338
383.5716083049774
384.7085978984833
385.8645062446594
387.04534792900085
388.17233180999756
389.343199968338
390.5020308494568
391.68715476989746
392.8590199947357
394.0109386444092
395.19277930259705
396.3277418613434
397.4607117176056
398.61861300468445
399.76454877853394
400.9154694080353
402.0763638019562
403.180410861969
404.2914397716522
405.41543221473694
406.5324444770813
407.68436312675476
408.837278842926
409.9612717628479
411.08925437927246
412.2022774219513
413.3182923793793
414.4323124885559
415.4934732913971
416.6683306694031
417.845183134079
418.9592034816742
420.1141142845154
421.2410988807678
422.365092754364
423.63070797920227
424.73475313186646
426.0073490142822
427.2260911464691
428.3570637702942
429.47607040405273
431.3929431438446
432.529901266098
433.66187381744385
434.76492261886597
435.92382311820984
437.0817255973816
438.235639333725
439.32572507858276
440.4906072616577
441.68840312957764
443.02881717681885
444.10493993759155
445.1810600757599
446.38982820510864
447.5297770500183
448.5839591026306
449.6880040168762
450.82596158981323
451.9030797481537
453.03405380249023
454.1151616573334
455.201256275177
456.26441192626953
457.3894031047821
458.54331707954407
459.7221643924713
460.96683406829834
462.1207468509674
463.2038495540619
464.40064811706543
465.5336172580719
466.68454003334045
467.9202332496643
469.0881094932556
470.18118500709534
471.3749921321869
472.52591371536255
473.63993430137634
474.82376623153687
475.9966289997101
477.0966863632202
478.22367215156555
479.35464692115784
480.41979789733887
481.5108802318573
482.6189148426056
483.7847957611084
484.8549339771271
485.92108178138733
487.0390920639038
488.89811849594116
490.07297563552856
491.2388565540314
492.4017472267151
493.468891620636
494.6028697490692
495.6739935874939
496.77604508399963
497.8691210746765
498.97815465927124
500.0762186050415
501.2321255207062
502.36808729171753
503.43523144721985
504.5382833480835
505.6592836380005
506.7403907775879
507.91225719451904
509.06417536735535
510.1871702671051
511.2942099571228
512.4504179954529
513.6049952507019
514.7269937992096
515.92977643013
517.0427997112274
518.1967132091522
519.2698423862457
520.32501912117
521.4819247722626
522.5879662036896
523.7747921943665
524.8618841171265
526.0038285255432
527.1387927532196
528.2368550300598
529.3488810062408
530.5566504001617
531.770405292511
532.9552340507507
534.0732433795929
535.1892578601837
536.416974067688
537.6387078762054
538.7128326892853
539.8288471698761
541.0196616649628
542.1556251049042
543.2117993831635
544.2769484519958
546.1579174995422
547.2679488658905
548.3340957164764
549.4650712013245
550.5591452121735
551.6372611522675
552.774219751358
553.8922290802002
554.9843068122864
556.1192710399628
557.2322933673859
558.4001696109772
559.5989627838135
560.8187003135681
561.9825868606567
563.1295185089111
564.2235918045044
565.4393396377563
566.5513665676117
567.7132587432861
568.7814004421234
569.9722146987915
571.0672869682312
572.219203710556
573.3312294483185
574.4572176933289
575.5123946666718
576.596494436264
577.731458902359
578.8724064826965
580.0033826828003
581.1283721923828
582.2872724533081
583.4431803226471
584.6639151573181
585.7749428749084
586.8550534248352
587.984034538269
589.1040372848511
590.2220466136932
591.3221039772034
592.4580652713776
593.5970199108124
594.6761319637299
595.74427485466
596.8712606430054
597.961344242096
599.0594067573547
600.1993577480316
601.6125779151917
603.4836015701294
604.6464929580688
605.7734756469727
606.894478559494
608.0693359375
609.2132744789124
610.438000202179
611.5909144878387
612.6700277328491
613.7870419025421
614.901059627533
616.0250532627106
617.1899375915527
618.4186501502991
619.5207023620605
620.6147768497467
621.783650636673
622.9714732170105
624.0485916137695
625.1077580451965
626.2796230316162
627.3926451206207
628.532595872879
629.6635701656342
630.7975370883942
632.0122883319855
633.2190594673157
634.3739714622498
635.5378577709198
636.6578614711761
637.7090489864349
638.9238004684448
640.1365568637848
641.4091904163361
642.5221743583679
643.6032819747925
644.6963584423065
645.8193554878235
647.0450766086578
648.2249193191528
649.3269712924957
650.4330141544342
651.6916460990906
652.8276078701019
654.0204162597656
655.1633589267731
656.283364534378
657.3385422229767
658.5413234233856
659.6563405990601
661.5153677463531
662.6343741416931
663.7493917942047
664.8733849525452
665.9305582046509
666.9957082271576
668.088784456253
669.2127776145935
670.2968788146973
671.5036513805389
672.7233867645264
673.8553609848022
675.006279706955
676.2100596427917
677.4577243328094
678.5338444709778
679.7535810470581
680.9364173412323
682.0853435993195
683.1056141853333
684.2176401615143
685.3127102851868
686.394816160202
687.4619624614716
688.5480558872223
689.588273525238
690.6095416545868
691.6746921539307
692.9283390045166
694.1460814476013
695.23117852211
696.3442013263702
697.4043655395508
698.5193831920624
699.6234309673309
700.7723579406738
701.913304567337
703.09215092659
704.2301068305969
705.3082239627838
706.5758330821991
707.7736291885376
708.8866519927979
710.0545270442963
711.2622961997986
712.4371547698975
713.6239783763885
714.7888624668121
715.881938457489
717.0079271793365
719.0748932361603
720.1759476661682
721.3069229125977
722.4538540840149
723.572860956192
724.6719207763672
725.8607425689697
727.1123940944672
728.2443645000458
729.4930245876312
730.5791206359863
731.6751873493195
732.734354019165
733.836407661438
734.9544167518616
736.0873875617981
737.1505408287048
738.2289876937866
739.3156740665436
740.4506378173828
741.5576765537262
742.7345292568207
743.8575248718262
745.1899602413177
746.3668124675751
747.6025083065033
748.9409267902374
750.1327414512634
751.3036079406738
752.3827199935913
753.564558506012
754.7154800891876
755.8364813327789
756.9116055965424
758.0385904312134
759.056866645813
760.2157680988312
761.4085760116577
762.6901478767395
763.7263760566711
764.8683214187622
765.9903211593628
767.1043403148651
768.3490121364594
769.5557856559753
770.6159479618073
771.7888095378876
772.9207813739777
774.0028867721558
775.1179041862488
776.9193568229675
777.998468875885
779.0985267162323
780.2125475406647
781.4322834014893
782.5832076072693
783.800950050354
784.889036655426
786.0429508686066
787.1180768013
788.306893825531
789.4388659000397
790.6456379890442
791.743700504303
792.8756725788116
794.036568403244
795.2612912654877
796.351377248764
797.4255049228668
798.5395231246948
799.7383162975311
800.8403670787811
801.9504001140594
803.2000563144684
804.3599524497986
805.4290924072266
806.5102024078369
807.6641137599945
808.7073233127594
809.7914242744446
810.8675448894501
811.9626159667969
813.0158004760742
814.0819466114044
815.3505525588989
816.4735488891602
817.5386996269226
818.6706717014313
819.7438037395477
820.9286315441132
822.1164553165436
823.3371887207031
824.4522063732147
825.5333151817322
826.6243958473206
827.8132154941559
828.8993108272552
830.0631983280182
831.2101290225983
832.3450927734375
834.4035875797272
835.6043744087219
836.6934626102448
837.8573491573334
839.0322051048279
840.2399756908417
841.3948860168457
842.5817103385925
843.7356243133545
844.8037662506104
845.9686501026154
847.0507564544678
848.1857204437256
849.3017349243164
850.3758611679077
851.5666778087616
852.7295663356781
853.8425874710083
854.9316744804382
856.0566651821136
857.1317937374115
858.3126304149628
859.5054399967194
860.5695939064026
861.7633996009827
862.8305449485779
864.0243518352509
865.2032001018524
866.3072447776794
867.4063050746918
868.4584903717041
869.5366079807281
870.7673161029816
871.822491645813
872.9783999919891
874.0325801372528
875.1844985485077
876.3064978122711
877.4225122928619
878.5255613327026
879.650553226471
880.7256767749786
881.8686184883118
882.9656839370728
884.056765794754
885.2166645526886
886.3127307891846
887.4826028347015
888.7412366867065
889.8482735157013
891.4707038402557
891.5285491943359
891.5674452781677
891.6063413619995
891.6452369689941
891.6831357479095
891.7180423736572
891.7539467811584
891.7898509502411
891.8267526626587
891.8619379997253
891.8978419303894
891.9347431659698
891.9697804450989
892.0066826343536
892.0425863265991
892.0784902572632
892.1143937110901
892.1512949466705
892.1871991157532
892.2231035232544
892.2600047588348
892.2969055175781
892.3318121433258
892.3687143325806
892.4046177864075
892.440521478653
892.4764256477356
892.5123293399811
892.5482332706451
892.5831398963928
892.6190447807312
892.654947757721
892.6898548603058
892.7257583141327
892.760665178299
892.7965688705444
892.8324730396271
892.8693747520447
892.9052791595459
892.9411823749542
892.9780833721161
893.0149848461151
893.0548801422119
893.090788602829
893.1267132759094
893.1625897884369
893.1994919776917
893.2353961467743
893.2712993621826
894.0293521881104
894.0662484169006
894.102153301239
894.1410484313965
894.1789519786835
894.2178447246552
894.256744146347
894.295640707016
894.3345367908478
894.3704345226288
894.4063394069672
894.4422481060028
894.4791448116302
894.51504778862
894.551949262619
894.5888562202454
894.6247563362122
894.6616611480713
894.6975622177124
894.7334702014923
894.7693679332733
894.8062753677368
894.8431754112244
894.879079580307
894.9149789810181
894.9508831501007
894.9857938289642
895.0226905345917
895.0585989952087
895.094498872757
895.129545211792
895.1644554138184
895.200355052948
895.2372570037842
895.2721948623657
895.3071117401123
895.342973947525
895.3798813819885
895.4177792072296
895.4536781311035
895.4895813465118
895.5254857540131
895.5623865127563
895.5982904434204
895.6332333087921
895.6691060066223
895.7040119171143
895.7409133911133
895.7748186588287
895.8117198944092
