14.375940322875977
12.752142906188965
11.128347396850586
9.665029525756836
9.123763084411621
8.582498550415039
8.148979187011719
7.821359634399414
7.208009719848633
6.417437553405762
6.2994890213012695
6.161072254180908
5.715343952178955
5.0901198387146
4.891203880310059
4.649173259735107
4.3704142570495605
4.06015157699585
3.722705602645874
3.3616981506347656
3.2325453758239746
2.90801739692688
2.5152065753936768
2.2892959117889404
2.029115676879883
1.7386518716812134
1.4213718175888062
1.3713531494140625
1.6168243885040283
1.8841959238052368
2.067126989364624
2.174767017364502
2.220641851425171
2.195622682571411
2.1223790645599365
2.001131296157837
1.8369085788726807
1.944581389427185
1.8655740022659302
1.5067659616470337
1.4502294063568115
1.9026226997375488
2.038679361343384
1.8828951120376587
1.4798455238342285
1.5964053869247437
1.9702918529510498
2.159259557723999
2.0782344341278076
1.7907016277313232
1.6987942457199097
1.561740756034851
1.6579620838165283
1.7530746459960938
1.5971802473068237
1.2558035850524902
1.3994343280792236
1.4155231714248657
1.3401992321014404
1.406597375869751
1.4121137857437134
1.3776488304138184
1.2643433809280396
1.434821605682373
1.4287866353988647
1.300559163093567
1.410809874534607
1.4196686744689941
1.3418920040130615
1.3492100238800049
1.3617820739746094
1.2046717405319214
1.3315551280975342
1.3448231220245361
1.3564802408218384
1.3128228187561035
1.4839149713516235
1.4198057651519775
1.2166388034820557
1.4036380052566528
1.4237396717071533
1.3557113409042358
1.4323734045028687
1.4156944751739502
1.36149001121521
1.258570671081543
1.4056779146194458
1.3491607904434204
1.3171069622039795
1.5636630058288574
1.6097568273544312
1.4276169538497925
1.484208583831787
1.5858538150787354
1.6270183324813843
1.4677144289016724
1.358815312385559
1.3636566400527954
1.3695292472839355
1.2314550876617432
1.426743745803833
1.4269702434539795
1.4053486585617065
1.364270567893982
1.3058699369430542
1.2536369562149048
1.2662715911865234
1.2722290754318237
1.2721813917160034
1.2844152450561523
1.2899703979492188
1.2732632160186768
1.2367106676101685
1.2008495330810547
1.2068517208099365
1.2342177629470825
1.2374602556228638
1.219157099723816
1.1890895366668701
1.1926822662353516
1.2067831754684448
1.1983298063278198
1.1947847604751587
1.1978648900985718
1.1986501216888428
1.1892281770706177
1.1752002239227295
1.1807270050048828
1.1701143980026245
1.1714004278182983
1.1783905029296875
1.1747323274612427
1.1736057996749878
1.1740840673446655
1.177727460861206
1.173888921737671
1.1736475229263306
1.1783533096313477
1.1721305847167969
1.171689510345459
1.1708669662475586
1.1702351570129395
1.1703603267669678
1.172917366027832
1.177129864692688
1.174082636833191
1.1730231046676636
1.1731408834457397
1.178699016571045
1.1743121147155762
26.25581932067871
25.74810218811035
25.067182540893555
24.286540985107422
23.462291717529297
22.65419578552246
21.888809204101562
21.107534408569336
20.29399299621582
19.455915451049805
18.596166610717773
17.723623275756836
16.860624313354492
16.03076934814453
15.242716789245605
14.530051231384277
13.896305084228516
13.301098823547363
12.731224060058594
12.180986404418945
11.653787612915039
11.160686492919922
10.686970710754395
10.216291427612305
9.7503662109375
9.293548583984375
8.846806526184082
8.415188789367676
7.992839813232422
7.585350513458252
7.219580173492432
6.88361120223999
6.561239719390869
6.258153438568115
5.965064525604248
5.6733574867248535
5.389870643615723
5.114057540893555
4.8354411125183105
4.557578086853027
4.299169540405273
4.076607704162598
3.888881206512451
3.7226052284240723
3.5634605884552
3.4012210369110107
3.2330780029296875
3.0712132453918457
2.91693115234375
2.7704927921295166
2.639434337615967
2.520556926727295
2.410071849822998
2.3081514835357666
2.212635040283203
2.116379976272583
2.023249864578247
1.9499180316925049
1.9185354709625244
1.9068670272827148
1.9024555683135986
1.8974244594573975
1.8920402526855469
1.8861829042434692
1.8780748844146729
1.8658368587493896
1.8524971008300781
1.8360587358474731
1.8195204734802246
1.8021751642227173
1.7839752435684204
1.7657322883605957
1.748182773590088
1.7347776889801025
1.7272976636886597
1.721898078918457
1.7176275253295898
1.7136504650115967
1.7089979648590088
1.7025742530822754
1.696250319480896
1.6856800317764282
1.6731293201446533
1.6621366739273071
1.6528159379959106
1.6469345092773438
1.6431593894958496
1.6403173208236694
1.6415636539459229
1.6413822174072266
1.6388134956359863
1.641782283782959
1.6423224210739136
1.639821171760559
1.6347556114196777
1.6357048749923706
1.6363937854766846
1.634441614151001
1.6303952932357788
1.6278462409973145
1.6302697658538818
1.6313755512237549
1.6299288272857666
1.6263232231140137
1.6263787746429443
1.625864863395691
1.6257696151733398
1.6240289211273193
1.621730923652649
1.6220989227294922
1.6204217672348022
1.620842695236206
1.6206514835357666
1.6199100017547607
1.620581865310669
1.6200945377349854
1.620363712310791
1.6196951866149902
1.619420051574707
1.618859887123108
1.6199591159820557
1.6196305751800537
1.6191343069076538
1.6187503337860107
1.6193101406097412
1.6191843748092651
1.6179871559143066
1.6188093423843384
1.6175212860107422
1.6177726984024048
1.6175310611724854
1.6175955533981323
1.6181056499481201
1.617632269859314
1.6172960996627808
1.617635726928711
1.616815447807312
1.6174366474151611
1.6175919771194458
1.6172943115234375
1.6166582107543945
1.6170662641525269
1.6163318157196045
1.6185952425003052
1.6187474727630615
1.6165401935577393
1.6176624298095703
1.617621660232544
1.6163557767868042
1.6179273128509521
1.6177599430084229
1.617483377456665
1.6169975996017456
1.616336464881897
1.6162816286087036
1.6163971424102783
1.6164512634277344
1.616448998451233
1.616640329360962
1.6167006492614746
1.6165348291397095
1.6161720752716064
1.6158159971237183
1.6155961751937866
1.6153929233551025
1.6156280040740967
1.6155929565429688
1.615327000617981
1.6151018142700195
1.6152595281600952
1.6153309345245361
1.6151914596557617
1.614861249923706
1.6149852275848389
1.6149367094039917
1.6147719621658325
1.6147366762161255
1.6148284673690796
1.614770770072937
1.6147243976593018
1.6148276329040527
1.614737868309021
1.6146008968353271
1.6148241758346558
1.6148408651351929
1.6146221160888672
1.61459219455719
1.614701747894287
1.614593744277954
1.6143684387207031
1.6146284341812134
1.6146554946899414
1.614457607269287
1.614357590675354
1.6144465208053589
1.6143275499343872
1.6142327785491943
1.6142466068267822
1.6141473054885864
1.614156723022461
1.6140745878219604
1.6141277551651
1.614020824432373
1.6141650676727295
1.6141923666000366
1.6140151023864746
1.614080548286438
1.6141488552093506
1.6139891147613525
1.6139224767684937
1.6139869689941406
1.6138412952423096
1.6138677597045898
1.6139037609100342
1.6137127876281738
1.6137516498565674
1.6138345003128052
1.6137396097183228
1.6135892868041992
1.6137312650680542
1.6136337518692017
1.6135565042495728
1.6135740280151367
1.6134475469589233
1.6135635375976562
1.6135023832321167
1.6134059429168701
1.6133962869644165
1.613344430923462
1.6132712364196777
1.613422155380249
1.6134216785430908
1.6132200956344604
1.6134185791015625
1.6135005950927734
1.6133592128753662
1.6132018566131592
1.6132431030273438
1.6132214069366455
1.6131337881088257
1.6131106615066528
1.6130820512771606
1.6130053997039795
1.6130441427230835
1.6129512786865234
1.6129765510559082
1.6129786968231201
1.6127971410751343
1.612972617149353
1.6129487752914429
1.6127872467041016
1.6128604412078857
1.6128450632095337
1.612798810005188
1.612854242324829
1.6127864122390747
1.6128208637237549
1.6128425598144531
1.6127434968948364
1.6127864122390747
1.6126954555511475
1.6127811670303345
1.6127569675445557
1.6127760410308838
1.6127086877822876
1.6126892566680908
1.6128098964691162
1.6127729415893555
1.6128182411193848
1.612871766090393
1.6129488945007324
1.6128339767456055
1.6127495765686035
1.6130255460739136
1.613109827041626
1.6129769086837769
1.6126654148101807
1.6128331422805786
1.6128590106964111
1.612688660621643
1.6129226684570312
1.6130366325378418
1.6129252910614014
1.6126981973648071
1.612943410873413
1.613032341003418
1.6129207611083984
1.6127092838287354
1.612841248512268
1.6129167079925537
1.6127655506134033
1.6127809286117554
1.6129339933395386
1.6129562854766846
1.612788200378418
1.6126998662948608
1.6130422353744507
1.6131682395935059
1.6130714416503906
1.6127688884735107
1.6127924919128418
1.6130104064941406
1.613016963005066
1.6128268241882324
1.6126761436462402
1.612979769706726
1.6131192445755005
1.6130330562591553
1.612741470336914
1.6127548217773438
1.6129580736160278
1.6129542589187622
1.61277174949646
1.6126962900161743
1.6127324104309082
1.6127580404281616
1.6125710010528564
1.6126887798309326
1.612714171409607
1.612544059753418
1.6128453016281128
1.612953543663025
1.612842321395874
1.6125462055206299
1.6127972602844238
1.612884283065796
1.6127785444259644
1.6126554012298584
1.612748384475708
1.6128184795379639
1.612668514251709
1.612735629081726
1.6127971410751343
1.6128202676773071
1.6127429008483887
1.6126559972763062
1.6126761436462402
1.6126887798309326
1.6125038862228394
1.6125571727752686
1.612545371055603
1.6125532388687134
1.6125181913375854
1.612546682357788
1.6124837398529053
1.6124861240386963
1.6124845743179321
1.6125667095184326
1.6125272512435913
1.6125917434692383
142.647705078125
126.38314819335938
110.74581909179688
97.1768798828125
87.17753601074219
77.65670013427734
70.46611785888672
64.12264251708984
60.29796600341797
54.87158203125
48.3603630065918
41.910457611083984
35.02946090698242
28.12125587463379
22.01203155517578
16.9259033203125
13.077369689941406
11.919401168823242
12.370291709899902
12.559287071228027
13.388545989990234
14.249576568603516
15.085885047912598
15.447245597839355
15.111474990844727
14.67414665222168
13.615084648132324
12.727754592895508
12.247184753417969
10.77747917175293
8.949056625366211
6.652960777282715
5.594750881195068
5.7601447105407715
5.897145748138428
6.241578102111816
6.435990333557129
5.821699142456055
5.507052421569824
5.612627029418945
5.46586799621582
5.251826763153076
5.01585054397583
4.698886871337891
4.379757881164551
4.1993536949157715
4.612095355987549
4.499355792999268
4.431305408477783
4.613467693328857
4.284877777099609
4.448246955871582
4.339625835418701
4.345564842224121
3.7935287952423096
3.7308266162872314
3.8842530250549316
4.081153869628906
3.8043065071105957
3.4533445835113525
3.255014181137085
3.866546392440796
3.789780616760254
3.668346881866455
4.10957145690918
3.833266019821167
4.070939540863037
3.732905149459839
3.792614698410034
4.31802225112915
4.268359661102295
3.684955596923828
3.419480800628662
4.000682830810547
4.144880294799805
3.774773359298706
3.605015277862549
4.041599273681641
4.140176773071289
4.12031364440918
3.5791244506835938
2.905679225921631
3.2551064491271973
3.4066214561462402
3.39005446434021
3.3474838733673096
3.3192577362060547
3.3678035736083984
3.575747489929199
3.42147159576416
3.1157195568084717
3.1469874382019043
3.2099101543426514
3.3938632011413574
3.3748385906219482
3.118597984313965
3.0951039791107178
3.328801393508911
3.466726779937744
3.2358903884887695
3.088683605194092
2.8692774772644043
3.314265489578247
3.5449111461639404
3.4334299564361572
3.213355302810669
3.2215676307678223
3.1782665252685547
3.184983015060425
3.3129115104675293
2.944672107696533
2.8848185539245605
3.406458616256714
3.1029341220855713
3.161438226699829
3.0332541465759277
3.396359920501709
3.443378448486328
3.393171548843384
3.099482297897339
2.9673404693603516
3.2486042976379395
3.5133488178253174
3.618804454803467
3.1295175552368164
2.8570213317871094
3.172835350036621
3.281555414199829
2.9779281616210938
3.0505361557006836
3.340446949005127
3.523421049118042
2.952619791030884
3.3068253993988037
3.4175524711608887
3.5338938236236572
3.3437371253967285
3.4456770420074463
3.5916638374328613
4.016083240509033
4.133296489715576
3.305100679397583
3.131432056427002
3.6640255451202393
3.3669066429138184
3.26082706451416
3.6463117599487305
3.3079733848571777
2.668471574783325
3.2352399826049805
13.692071914672852
13.527923583984375
13.253620147705078
12.863104820251465
12.687923431396484
12.533376693725586
12.480591773986816
12.436086654663086
12.387527465820312
12.256930351257324
12.15735912322998
12.141858100891113
12.19472885131836
12.201003074645996
12.131394386291504
11.997406005859375
11.904983520507812
11.96298885345459
12.019523620605469
12.020059585571289
12.054105758666992
12.067293167114258
11.976242065429688
11.851970672607422
11.801262855529785
11.827595710754395
11.858222961425781
11.88427734375
11.844377517700195
11.838180541992188
11.798690795898438
11.799543380737305
11.817326545715332
11.810705184936523
11.75106430053711
11.76762866973877
11.794864654541016
11.796433448791504
11.747385025024414
11.707036972045898
11.719144821166992
11.72107219696045
11.678500175476074
11.687762260437012
11.66951847076416
11.682537078857422
11.661459922790527
11.587179183959961
11.640912055969238
11.644319534301758
12.434467315673828
13.521649360656738
13.084684371948242
12.62213134765625
12.647757530212402
12.690914154052734
12.545312881469727
12.3665132522583
12.345564842224121
12.305327415466309
12.106902122497559
11.941482543945312
11.946020126342773
12.031745910644531
12.057074546813965
11.99217414855957
12.008251190185547
12.052901268005371
11.949868202209473
11.844021797180176
11.795038223266602
11.788790702819824
11.753517150878906
11.768275260925293
11.755558967590332
11.788030624389648
11.767578125
11.766312599182129
11.739935874938965
11.783873558044434
11.801492691040039
11.769219398498535
11.735158920288086
11.779890060424805
11.70044231414795
11.726536750793457
11.708418846130371
11.683714866638184
11.695924758911133
11.662752151489258
11.707653045654297
11.690922737121582
11.665289878845215
11.662168502807617
11.662862777709961
11.709471702575684
11.686667442321777
11.640758514404297
11.603233337402344
11.625101089477539
11.668782234191895
11.642318725585938
11.663588523864746
11.648317337036133
11.627265930175781
11.64423942565918
11.697664260864258
11.704063415527344
11.646707534790039
11.62169075012207
11.637335777282715
11.643647193908691
11.632909774780273
11.640843391418457
11.660795211791992
11.648475646972656
11.679276466369629
11.664531707763672
11.642736434936523
11.65941333770752
11.677926063537598
11.663582801818848
11.650335311889648
11.63283634185791
11.678853988647461
11.666769027709961
11.67146110534668
11.674711227416992
11.690879821777344
11.685624122619629
11.728612899780273
11.702205657958984
11.74551010131836
11.742996215820312
11.721097946166992
11.759489059448242
11.760540962219238
11.75596809387207
11.699454307556152
11.666000366210938
11.691635131835938
11.694146156311035
11.671056747436523
11.649625778198242
11.679506301879883
11.683640480041504
11.65710163116455
11.675825119018555
11.641586303710938
11.66139030456543
11.66049575805664
10.44308090209961
9.663995742797852
9.084243774414062
8.553328514099121
8.082305908203125
7.630152702331543
7.216697692871094
6.773929595947266
6.367023944854736
6.0768513679504395
5.802794933319092
5.518436908721924
5.424986362457275
5.302509307861328
5.221286773681641
5.118728160858154
4.970974922180176
4.774194240570068
4.769214630126953
4.838595390319824
4.742552280426025
4.728870391845703
4.674897193908691
4.580005168914795
4.577915191650391
4.525981903076172
4.463566780090332
4.399406433105469
4.250734329223633
4.237040996551514
4.268821716308594
4.326759338378906
4.281826972961426
4.154956817626953
4.046989917755127
3.952453136444092
3.9152841567993164
3.9015989303588867
3.890369415283203
3.8283071517944336
3.747856855392456
3.691011428833008
3.6537561416625977
3.6208128929138184
3.589059591293335
3.550006628036499
3.557493209838867
3.5143675804138184
3.4671082496643066
3.443561315536499
3.459697723388672
3.4295430183410645
3.4081785678863525
3.3826003074645996
3.354090929031372
3.3246395587921143
3.292727470397949
3.2580478191375732
3.25351619720459
3.2373745441436768
3.228720188140869
3.2163069248199463
3.212170124053955
3.2099833488464355
3.1838812828063965
3.2000927925109863
3.1993532180786133
3.2056679725646973
3.203627586364746
3.1817784309387207
3.170602798461914
3.1579933166503906
3.1568918228149414
3.169950246810913
3.1735012531280518
3.1689910888671875
3.1597678661346436
3.148470878601074
3.1454429626464844
3.129537343978882
3.1255764961242676
3.1197521686553955
3.1271233558654785
3.1337924003601074
3.130941867828369
3.1172499656677246
3.105617046356201
3.1066384315490723
3.106189727783203
3.1117970943450928
3.1226046085357666
3.1153793334960938
3.1075186729431152
3.111199140548706
3.112496852874756
3.118422508239746
3.1160178184509277
3.1078450679779053
3.1069421768188477
3.1018500328063965
3.101060390472412
3.105098247528076
3.102593183517456
3.0993175506591797
3.10154390335083
3.0899972915649414
3.0865161418914795
3.0855228900909424
3.0905656814575195
3.092721462249756
3.0942912101745605
3.0955090522766113
3.0918054580688477
3.0862038135528564
3.0855677127838135
3.085765838623047
3.086125612258911
3.084275722503662
3.0789055824279785
3.082874298095703
3.082252264022827
3.083683490753174
3.0848870277404785
3.082148790359497
3.0781471729278564
3.0737709999084473
3.0733532905578613
3.066070556640625
3.063776969909668
3.063774824142456
3.063045024871826
3.058304786682129
3.0614023208618164
3.0624680519104004
3.06024169921875
3.0631260871887207
3.0620152950286865
3.0597543716430664
3.0587689876556396
3.0617363452911377
3.05977463722229
3.0577192306518555
3.0585875511169434
3.0594377517700195
3.0612237453460693
3.057933807373047
3.061018943786621
3.0580759048461914
3.0518956184387207
3.0512452125549316
3.056654453277588
3.062175750732422
3.0582618713378906
3.0557515621185303
3.056572675704956
3.0599615573883057
3.0573201179504395
3.052809476852417
3.0503032207489014
3.054434299468994
3.0537354946136475
3.053574323654175
3.0550246238708496
3.05751633644104
3.0544445514678955
3.053670644760132
3.0581278800964355
3.0578997135162354
3.0565948486328125
3.0518996715545654
3.0519227981567383
3.049673080444336
3.048161506652832
3.04725980758667
3.043447732925415
3.0444345474243164
3.0433733463287354
3.0462393760681152
3.0487420558929443
3.0494959354400635
3.0424084663391113
3.0404655933380127
3.038513660430908
3.0399587154388428
3.0402448177337646
3.0380783081054688
3.0328969955444336
3.031498670578003
3.0295467376708984
3.030707597732544
3.029820680618286
3.0292181968688965
3.0261287689208984
3.0260190963745117
3.025104522705078
3.0249695777893066
3.0258350372314453
3.0246496200561523
3.025758743286133
3.025493621826172
3.0249743461608887
3.0278186798095703
3.0289978981018066
3.0328750610351562
3.045001268386841
3.0681686401367188
3.070810556411743
3.0597102642059326
3.034590482711792
3.039961338043213
3.067669153213501
3.053394079208374
3.031184434890747
3.0454230308532715
3.059847593307495
3.0406880378723145
3.0320630073547363
3.0475974082946777
3.0495810508728027
3.034973621368408
3.039060115814209
3.0494985580444336
3.0403897762298584
3.038933277130127
3.0469274520874023
3.0461888313293457
3.0373361110687256
3.0398409366607666
3.0432822704315186
3.0403172969818115
3.0377213954925537
3.0410094261169434
3.0415048599243164
3.0386476516723633
3.0348405838012695
3.0374832153320312
3.034811496734619
3.0341129302978516
3.0345654487609863
3.034526824951172
3.033259630203247
3.027665853500366
3.033280849456787
3.0306310653686523
3.028536796569824
3.029515504837036
3.0305395126342773
3.0293052196502686
3.0264060497283936
3.022874355316162
3.023207664489746
3.0239295959472656
3.0239288806915283
3.0236170291900635
3.02543306350708
3.0243992805480957
3.023869514465332
3.0234591960906982
3.02081561088562
3.0212860107421875
3.0225648880004883
3.024050235748291
3.0288968086242676
3.0256078243255615
3.0252203941345215
3.024447441101074
3.02952241897583
3.030709743499756
3.028317928314209
3.0296833515167236
3.031003475189209
3.0300939083099365
3.0300087928771973
3.0285611152648926
3.027933120727539
3.035496234893799
3.0398621559143066
3.0378828048706055
3.0292563438415527
3.026313543319702
3.0263514518737793
3.026411771774292
3.030285358428955
3.0304174423217773
3.0302722454071045
3.027580499649048
3.023499011993408
3.0256247520446777
3.024083375930786
3.026777744293213
3.0282704830169678
3.0241782665252686
3.0239367485046387
3.026801109313965
3.023566246032715
3.022961139678955
3.020853281021118
3.0203521251678467
3.0222275257110596
3.0238749980926514
3.0221314430236816
3.019273281097412
3.0214152336120605
3.0214133262634277
3.020209550857544
3.0206549167633057
3.0206596851348877
3.021733283996582
3.021155834197998
3.020970582962036
3.0209693908691406
3.021007776260376
3.0206727981567383
3.0215253829956055
3.0218665599823
3.0229055881500244
3.0229265689849854
3.024113178253174
3.0242743492126465
3.0251200199127197
3.0251870155334473
3.0239269733428955
3.0272932052612305
3.025552749633789
3.028064727783203
3.0266122817993164
3.026563882827759
3.0270962715148926
3.0250084400177
3.0249710083007812
3.026594638824463
3.028214454650879
3.0284855365753174
3.028562068939209
3.0287458896636963
3.0289509296417236
3.0294196605682373
3.028946876525879
3.0330650806427
3.0339016914367676
3.034287452697754
3.0368597507476807
3.0379905700683594
3.0385048389434814
3.0378317832946777
3.0368027687072754
3.0396032333374023
3.039616107940674
3.037700891494751
3.034923553466797
3.0370140075683594
3.035898208618164
3.03664493560791
3.0361568927764893
3.036665916442871
3.0364527702331543
3.0374228954315186
3.037897825241089
3.0327396392822266
3.0313735008239746
3.028578519821167
3.0280020236968994
3.0286946296691895
3.0262959003448486
3.0253098011016846
3.0252373218536377
3.0230259895324707
3.0242176055908203
3.0259270668029785
3.0265579223632812
3.0273985862731934
3.027773380279541
3.024810552597046
3.024737596511841
3.0238499641418457
3.024244546890259
3.024091958999634
3.025066375732422
3.0263381004333496
3.025029182434082
3.0277042388916016
3.027554750442505
3.028179407119751
3.0274405479431152
3.0275862216949463
3.028136730194092
3.027935028076172
3.030764579772949
3.0310959815979004
3.0311386585235596
3.027596950531006
3.0312700271606445
3.033223867416382
3.033271312713623
3.0357515811920166
3.0381808280944824
3.0426459312438965
3.0422465801239014
3.0493357181549072
0.7964656949043274
0.788111686706543
0.7817462682723999
0.7765445709228516
0.772122859954834
0.7680518627166748
0.7643792033195496
0.7611669898033142
0.7579379677772522
0.7547544240951538
0.7517199516296387
0.748884916305542
0.7461355924606323
0.7437334060668945
0.741509199142456
0.7393124103546143
0.7372004985809326
0.735219419002533
0.7335967421531677
0.7324819564819336
0.7323773503303528
0.7325226068496704
0.7323499321937561
0.7321203947067261
0.7318010330200195
0.7315580248832703
0.7313538789749146
0.7311203479766846
0.730898916721344
0.7306830286979675
0.7305427193641663
0.7305245995521545
0.7305606603622437
0.7305912971496582
0.730579674243927
0.7304975390434265
0.7303914427757263
0.7302836775779724
0.7301824688911438
0.7301337122917175
0.7301061153411865
0.730066180229187
0.730055570602417
0.7300834655761719
0.7300565838813782
0.7300025820732117
0.7299578785896301
0.7298960089683533
0.7298620939254761
0.729863166809082
0.7298921346664429
0.7299025654792786
0.7298514246940613
0.7298223972320557
0.7297954559326172
0.7297923564910889
0.7297863960266113
0.7297862768173218
0.7297836542129517
0.7297771573066711
0.7297526597976685
0.7297453880310059
0.7297731041908264
0.729788601398468
0.7297825813293457
0.729759931564331
0.7297293543815613
0.7297312617301941
0.7297706604003906
0.7297821640968323
0.729751706123352
0.7297191619873047
0.7296862602233887
0.7297109365463257
0.7297371625900269
0.7297421097755432
0.729729950428009
0.7296873927116394
0.7296794056892395
0.7297241687774658
0.7297200560569763
0.7297036647796631
0.729711651802063
0.7297201752662659
0.7296990156173706
0.7297096252441406
0.7297216057777405
0.7297203540802002
0.7297376990318298
0.729729413986206
0.729702353477478
0.7297119498252869
0.7297186851501465
0.7297435402870178
0.7297411561012268
0.7297105193138123
0.7296882271766663
0.7297136783599854
0.7297430634498596
0.7297350764274597
