2.4026618003845215
2.56223464012146
2.719813585281372
2.8903567790985107
3.0479352474212646
3.2075092792510986
3.3630921840667725
3.5246615409851074
3.6872262954711914
3.847796678543091
4.006371736526489
4.161956548690796
4.3374857902526855
4.500051736831665
4.655635356903076
4.820194721221924
4.9797680377960205
5.131362438201904
5.282956838607788
5.433554172515869
5.584151744842529
5.735745906829834
5.900305271148682
6.059878587722778
6.224440097808838
6.389996290206909
6.550566673278809
6.703157424926758
6.854787349700928
7.014325380325317
7.1699090003967285
7.323498249053955
7.477088689804077
7.6466357707977295
7.8092005252838135
7.9627885818481445
8.116377353668213
8.271961212158203
8.427547693252563
8.600085258483887
8.751677751541138
8.906264305114746
9.070826292037964
9.234387636184692
9.40293574333191
9.568495273590088
9.724077939987183
9.8816556930542
10.040231704711914
10.19784426689148
11.178331136703491
11.336907148361206
11.490496158599854
11.644086122512817
11.826597452163696
11.996177673339844
12.160703897476196
12.316287279129028
12.474864482879639
12.63543438911438
12.804981470108032
12.96156120300293
13.130110740661621
13.294672012329102
13.468205690383911
13.621796369552612
13.783363819122314
13.939943790435791
14.099518299102783
14.258092880249023
14.413677453994751
14.570294618606567
14.720856666564941
14.87843370437622
15.056956052780151
15.211543321609497
15.37211275100708
15.540663003921509
15.69126009941101
15.846843004226685
16.002427577972412
16.194912433624268
16.365456581115723
16.52502965927124
16.69357943534851
16.857141971588135
17.00873565673828
17.158334732055664
17.339850664138794
17.502414226531982
17.656004428863525
17.808642387390137
17.980138063430786
18.148685693740845
18.31524157524109
18.470825672149658
18.623417615890503
18.783986806869507
18.962509393692017
19.135047912597656
20.135372638702393
20.316885948181152
20.477458000183105
20.6330406665802
20.80159044265747
20.961163759231567
21.1307110786438
21.35211730003357
21.52465534210205
21.684228658676147
21.842803955078125
22.000383138656616
22.156965017318726
22.31454348564148
22.476109981536865
22.63169527053833
22.791266918182373
22.949843645095825
23.10841989517212
23.285946130752563
23.44651436805725
23.6020987033844
23.751697778701782
23.90628433227539
24.05887746810913
24.210471630096436
24.37104296684265
24.5346040725708
24.697170734405518
24.86771321296692
25.028283834457397
25.18486452102661
25.341445207595825
25.49104619026184
25.66158890724182
25.825151443481445
25.99170708656311
26.150282859802246
26.304868459701538
26.45446801185608
26.615039110183716
26.77860164642334
26.95014214515686
27.111711263656616
27.280259609222412
27.436840295791626
27.598409175872803
27.7599778175354
27.913565397262573
28.086103916168213
29.084697723388672
29.244272232055664
29.40783381462097
29.580371856689453
29.75989294052124
29.942404747009277
30.099982500076294
30.272520542144775
30.431101322174072
30.581695079803467
30.752237558364868
30.91380500793457
31.068391799926758
31.249906063079834
31.412471532821655
31.567057609558105
31.734610080718994
31.905153512954712
32.07470083236694
32.259206771850586
32.42177224159241
32.573368072509766
32.73593306541443
32.90049195289612
33.069042682647705
33.229610204696655
33.41012740135193
33.57169580459595
33.73127007484436
33.897823095321655
34.05639934539795
34.21098518371582
34.37355017662048
34.541102170944214
34.706660747528076
34.90712571144104
35.07268023490906
35.22826385498047
35.38484525680542
35.53149366378784
35.681052684783936
35.84062695503235
36.01416325569153
36.17273736000061
36.37320137023926
36.54175043106079
36.703320026397705
36.86189556121826
37.015483140945435
37.17007088661194
38.158823013305664
38.31739377975464
38.48494601249695
38.63853597640991
38.797112226486206
38.955687522888184
39.161137342453
39.31572389602661
39.46931481361389
39.622902631759644
39.78147912025452
39.939056634902954
40.0926468372345
40.25022482872009
40.40780305862427
40.56538152694702
40.72694802284241
40.895498514175415
41.04908728599548
41.20068097114563
41.36025381088257
41.51584005355835
41.68239378929138
41.84795069694519
42.00253748893738
42.166099548339844
42.33664417266846
42.49122929573059
42.65180444717407
42.80139899253845
42.95299458503723
43.113564252853394
43.267155170440674
43.423734188079834
43.57832050323486
43.740885972976685
43.896470069885254
44.065019607543945
44.22060418128967
44.37718367576599
44.53476309776306
44.686357498168945
44.83595895767212
44.99453330039978
45.158095359802246
45.30869221687317
45.47126245498657
45.62484812736511
45.77544546127319
45.929033041000366
46.89718055725098
47.05475926399231
47.20735454559326
47.35994362831116
47.51353096961975
47.671109199523926
47.82370090484619
47.9822793006897
48.150827407836914
48.30940270423889
48.46398878097534
48.62854886054993
48.78413200378418
48.937721490859985
49.09629726409912
49.252877950668335
49.409459352493286
49.56803512573242
49.72561478614807
49.88817882537842
50.04476046562195
50.20233988761902
50.36390733718872
50.550408601760864
50.708982944488525
50.8765344619751
51.03012442588806
51.18471026420593
51.389164686203
51.551729679107666
51.71429371833801
51.86888003349304
52.03144574165344
52.23689603805542
52.3935112953186
52.547067165374756
52.70464611053467
52.86521625518799
53.01780867576599
53.16940212249756
53.320995807647705
53.47259020805359
53.66610670089722
53.817667722702026
54.01115012168884
54.163742542266846
54.33927321434021
54.49086785316467
54.6693902015686
54.82397532463074
55.802406549453735
55.98890781402588
56.149479150772095
56.30605936050415
56.470619440078735
56.627201318740845
56.798742055892944
56.97427201271057
57.14681053161621
57.33031940460205
57.48889684677124
57.649466037750244
57.84195137023926
57.996538400650024
58.16109752655029
58.335630893707275
58.49420690536499
58.65378022193909
58.84626507759094
59.008829832077026
59.1923394203186
59.3499174118042
59.534423828125
59.698984146118164
59.85656189918518
60.01114821434021
60.16473746299744
60.33727669715881
60.49286079406738
60.653430461883545
60.80701971054077
60.9745717048645
61.14511513710022
61.30369257926941
61.46525859832764
61.61884951591492
61.779417991638184
61.94098615646362
62.1125271320343
62.30002570152283
62.46259260177612
62.622164249420166
62.794703006744385
62.94530010223389
63.120829820632935
63.28040361404419
63.44197106361389
63.59755492210388
63.755133390426636
63.91470670700073
64.88810276985168
65.04667901992798
65.20126485824585
65.38776636123657
65.54235339164734
65.7029230594635
65.8614993095398
66.02306723594666
66.18164300918579
66.35218715667725
66.51574897766113
66.67432451248169
66.83589315414429
67.00444197654724
67.17598271369934
67.33555626869202
67.51806735992432
67.68761467933655
67.85815787315369
68.0147397518158
68.1733148097992
68.33288764953613
68.49246096611023
68.65103697776794
68.80562353134155
68.9721782207489
69.12776160240173
69.28035354614258
69.43892979621887
69.59949970245361
69.7520923614502
69.90368676185608
70.05827260017395
70.22382974624634
70.39237904548645
70.55494523048401
70.71750903129578
70.88605809211731
71.04164218902588
71.22415447235107
71.38073563575745
71.53033518791199
71.69190263748169
71.84349775314331
71.99908089637756
72.15665936470032
72.30326724052429
72.45585918426514
72.61343741416931
72.78198671340942
73.79926562309265
73.95086026191711
74.11342549324036
74.29394245147705
74.46348881721497
74.62206482887268
74.77864599227905
74.9322350025177
75.08582401275635
75.25237941741943
75.44586205482483
75.60842657089233
75.78794598579407
75.95649814605713
76.12105464935303
76.2786340713501
76.45216965675354
76.634681224823
76.80522513389587
76.9897313117981
77.1512987613678
77.31885123252869
77.4844081401825
77.65295767784119
77.80355429649353
77.9561460018158
78.11571907997131
78.27928185462952
78.43187379837036
78.58645987510681
78.76797485351562
78.92854642868042
79.08313155174255
79.23771786689758
79.40028309822083
79.56185150146484
79.71244788169861
79.86902904510498
80.02760481834412
80.18518352508545
80.34176445007324
80.50532817840576
80.66390371322632
80.81649446487427
80.97108244895935
81.12666511535645
81.28723549842834
81.44182205200195
81.59740591049194
81.75199222564697
82.73068690299988
82.8932523727417
83.04584455490112
83.21339678764343
83.37296915054321
83.53154611587524
83.6871292591095
83.841717004776
83.99729895591736
84.14889335632324
84.30348014831543
84.45607209205627
84.60866475105286
84.7712287902832
84.92481899261475
85.07641220092773
85.22601366043091
85.39659261703491
85.55912137031555
85.71869397163391
85.8842523097992
86.03784132003784
86.2004063129425
86.3589813709259
86.52653455734253
86.68909931182861
86.84169149398804
86.99926972389221
87.15285778045654
87.30844235420227
87.46003699302673
87.61362624168396
87.77220177650452
87.92379546165466
88.08137440681458
88.2329695224762
88.39852571487427
88.55610466003418
88.72465324401855
88.87824368476868
89.05975818634033
89.218332529068
89.3759114742279
89.54146838188171
89.70104193687439
89.8705894947052
90.03614544868469
90.19073271751404
90.35130286216736
90.50588846206665
92.50500893592834
93.68086409568787
94.78391194343567
95.98270535469055
97.17551445960999
98.3403992652893
99.48134660720825
100.64822745323181
101.83006358146667
103.07274055480957
104.17678713798523
105.25589990615845
106.42776703834534
107.5358018875122
108.61391830444336
109.70599699020386
110.82101321220398
111.95697450637817
113.06700539588928
114.21294021606445
115.34491324424744
116.46092772483826
117.57594537734985
118.74780917167664
119.91967582702637
121.06162023544312
122.19857835769653
123.34949994087219
124.50540852546692
125.73412251472473
126.95685172080994
128.10677456855774
129.24572777748108
130.4136037826538
131.64531016349792
132.91291785240173
134.1456220149994
135.34441351890564
136.50830054283142
137.66121745109558
138.81213808059692
139.94510769844055
141.08904814720154
142.35964822769165
143.47167372703552
144.68841981887817
145.86427330970764
147.00921058654785
148.1102659702301
149.24523067474365
151.18204855918884
152.26914191246033
153.37019658088684
154.4682583808899
155.54836893081665
156.67435693740845
157.82926845550537
159.00312757492065
160.15803790092468
161.26507711410522
162.44691514968872
163.6377317905426
164.82256054878235
165.98943972587585
167.25605154037476
168.4358949661255
169.57784008979797
170.7157974243164
171.86073517799377
172.97974038124084
174.1176962852478
175.27360439300537
176.39360880851746
177.524582862854
178.69245886802673
179.88028216362
181.00626945495605
182.22401309013367
183.34800601005554
184.47299599647522
185.67577838897705
186.85462594032288
188.11724758148193
189.2711627483368
190.4031343460083
191.51515913009644
192.6391520500183
193.80403566360474
194.9798903465271
196.14377689361572
197.26577591896057
198.45459628105164
199.60152769088745
200.7394835948944
201.91633558273315
203.2028946876526
204.37475991249084
205.52268886566162
206.76436805725098
207.95218992233276
209.90546345710754
211.0513985157013
212.28210520744324
213.50782656669617
214.67071723937988
215.82063961029053
216.99350357055664
218.0776035785675
219.2225410938263
220.38642644882202
221.50144410133362
222.67829537391663
223.80528092384338
224.9512174129486
226.18790864944458
227.368750333786
228.49373936653137
229.76134872436523
231.00801396369934
232.21378827095032
233.40061378479004
234.66722559928894
235.91389083862305
237.133629322052
238.34837985038757
239.57210540771484
240.7788782119751
242.00958561897278
243.22533416748047
244.41016483306885
245.57405161857605
246.76486587524414
247.9307463169098
249.1624526977539
250.37720227241516
251.4982044696808
252.71395111083984
253.81799864768982
254.99584817886353
256.13679552078247
257.36251759529114
258.5064573287964
259.63148522377014
260.76840686798096
261.9402713775635
263.0732409954071
264.2201738357544
265.36710572242737
266.4751422405243
267.6340420246124
269.7099051475525
270.88177037239075
272.0087561607361
273.24943685531616
274.4691741466522
275.72980403900146
276.9375717639923
278.12340116500854
279.3112235069275
280.4691243171692
281.5741686820984
282.73705792427063
283.80619835853577
284.95911407470703
286.1080410480499
287.2469947338104
288.3500437736511
289.49099135398865
290.62894892692566
291.7499499320984
292.9028654098511
294.1056475639343
295.2675395011902
296.4414005279541
297.545446395874
298.65747117996216
299.86524081230164
301.0460822582245
302.1760587692261
303.3070340156555
304.44499111175537
305.5899269580841
306.7388541698456
307.93066573143005
309.09554982185364
310.26442289352417
311.41534423828125
312.62810039520264
313.80196046829224
314.96784114837646
316.09682178497314
317.239764213562
318.3627598285675
319.58648657798767
320.77530670166016
321.9032905101776
323.06518149375916
324.2350537776947
325.419882774353
326.5678117275238
328.62431144714355
329.81711983680725
330.941113948822
332.0860514640808
333.2389671802521
334.35398411750793
335.48595571517944
336.6318917274475
337.7528917789459
338.9018199443817
340.0088596343994
341.1807231903076
342.32167077064514
343.4815683364868
344.77610516548157
345.99584221839905
347.1367907524109
348.36350870132446
349.5433540344238
350.70723938941956
351.85516905784607
352.956223487854
354.0622646808624
355.20520782470703
356.3451602458954
357.4442193508148
358.6210706233978
359.749055147171
360.8580861091614
361.96811723709106
363.2327342033386
364.37368273735046
365.6103746891022
366.8530511856079
368.13063311576843
369.3563551902771
370.58207511901855
371.81876730918884
373.0275332927704
374.2103703022003
375.3872230052948
376.5531027317047
377.7279601097107
378.8938412666321
380.02681159973145
381.18770599365234
382.39747071266174
383.60524010658264
384.83095955848694
386.02975273132324
388.04037499427795
389.1972794532776
390.30431938171387
391.4582316875458
392.67597460746765
393.8967089653015
395.07655334472656
396.2803325653076
397.49009704589844
398.74872946739197
399.99838757514954
401.19119572639465
402.4139256477356
403.5548737049103
404.6519389152527
405.7968759536743
406.90092301368713
408.00895953178406
409.15090441703796
410.3207747936249
411.4856593608856
412.645555973053
413.75658535957336
414.86561727523804
416.04945254325867
417.1844153404236
418.42509603500366
419.62389087677
420.8496103286743
422.10026478767395
423.2112934589386
424.4719216823578
425.71359968185425
427.0256247520447
428.22167801856995
429.3545389175415
430.525532245636
431.74900579452515
432.9573423862457
434.10922026634216
435.28148221969604
436.44715785980225
437.612361907959
438.8150017261505
439.9425325393677
441.11322116851807
442.26249051094055
443.4579212665558
444.5815510749817
445.7036771774292
447.6439769268036
448.77096128463745
449.9607787132263
451.06283044815063
452.2147493362427
453.34273314476013
454.5265657901764
455.69344568252563
456.9141800403595
458.1319215297699
459.30179166793823
460.5185389518738
461.7442584037781
462.9520275592804
464.1927082538605
465.3067283630371
466.4446849822998
467.60358476638794
468.7275776863098
469.84658432006836
471.0423855781555
472.15540838241577
473.37514567375183
474.57992458343506
475.78569746017456
476.93063473701477
478.05462861061096
479.2643918991089
480.3754212856293
481.48844265937805
482.63038873672485
483.7803122997284
484.9122838973999
486.0562243461609
487.2061483860016
488.31717705726624
489.5448923110962
490.7985417842865
492.00730538368225
493.1691975593567
494.37197971343994
495.4790196418762
496.67681527137756
497.822749376297
498.97267389297485
500.1295793056488
501.29545998573303
502.54112815856934
503.79477429389954
505.02249097824097
507.17473316192627
508.354576587677
509.51048493385315
510.6833474636078
511.84324502944946
513.062982082367
514.2248740196228
515.4715394973755
516.600519657135
517.7693922519684
518.9183189868927
520.0363280773163
521.1762788295746
522.2813243865967
523.3993322849274
524.4963977336884
525.736082315445
526.9657928943634
528.1755559444427
529.3743488788605
530.6240065097809
531.7908847332001
532.9268460273743
534.1196558475494
535.2885291576385
536.4254879951477
537.602340221405
538.7722101211548
539.8981983661652
541.0471248626709
542.1402015686035
543.299102306366
544.5607271194458
545.799412727356
546.972275018692
548.1571066379547
549.3539054393768
550.5756385326385
551.6896569728851
552.872492313385
554.0293982028961
555.1553857326508
556.2893528938293
557.4203269481659
558.6211149692535
559.7211720943451
560.8581321239471
562.0379750728607
563.1958780288696
564.3368256092072
566.3620157241821
567.5697844028473
568.7147216796875
569.8726243972778
571.0584530830383
572.1944143772125
573.3523163795471
574.5112161636353
575.6212484836578
576.832008600235
577.9799377918243
579.1557919979095
580.2987349033356
581.4526479244232
582.6484498977661
583.7694518566132
584.9812092781067
586.1800026893616
587.3398997783661
588.4758625030518
589.6207985877991
590.7567596435547
591.9535584449768
593.1214344501495
594.3022758960724
595.4083185195923
596.5343065261841
597.7340960502625
599.03062748909
600.2762954235077
601.4322032928467
602.5412375926971
603.8038599491119
605.0315749645233
606.2343590259552
607.4281642436981
608.6129961013794
609.7349948883057
610.8958883285522
612.1186194419861
613.2755234241486
614.4404067993164
615.6651306152344
616.7432477474213
617.866242647171
619.0889756679535
620.2787892818451
621.3967986106873
622.642466545105
623.8173236846924
625.7750871181488
626.9539334774017
628.0968759059906
629.1959362030029
630.3249168395996
631.5027651786804
632.686600446701
633.8744211196899
635.0911664962769
636.2620348930359
637.4678103923798
638.6047677993774
639.9132685661316
641.0841352939606
642.249020576477
643.4308588504791
644.7094378471375
645.8763179779053
647.0491802692413
648.1781589984894
649.3011553287506
650.4770097732544
651.6349124908447
652.8227362632751
653.9786429405212
655.0926630496979
656.2096748352051
657.3097321987152
658.3998169898987
659.5417630672455
660.71661901474
661.896463394165
663.038408279419
664.1733736991882
665.3023536205292
666.4542717933655
667.66415143013
668.8280386924744
669.925103187561
671.1129264831543
672.2967598438263
673.4576539993286
674.6185503005981
675.8003873825073
676.9562950134277
678.097243309021
679.2631244659424
680.3851234912872
681.5480124950409
682.6889605522156
684.682314157486
685.866147518158
687.0739169120789
688.2657308578491
689.5084054470062
690.6304037570953
691.8531334400177
693.0569126605988
694.1699364185333
695.3019073009491
696.4677884578705
697.5857975482941
698.6938335895538
699.8188242912292
700.9567804336548
702.1256537437439
703.2755780220032
704.4634003639221
705.6621956825256
706.7742199897766
707.9530656337738
709.1588411331177
710.3586323261261
711.5424642562866
712.8629326820374
714.074690580368
715.2734835147858
716.404458284378
717.4945425987244
718.6215291023254
719.7922849655151
720.9504165649414
722.1262698173523
723.3051166534424
724.4859583377838
725.6428632736206
726.8067493438721
727.9387228488922
729.0577285289764
730.3193533420563
731.4991979598999
732.6431374549866
733.7721173763275
734.9958441257477
736.1876561641693
737.388444185257
738.6480746269226
739.8817744255066
741.0207276344299
742.194587469101
744.2042121887207
745.3551330566406
746.5678889751434
747.7347679138184
748.9475238323212
750.1403334140778
751.3461074829102
752.5269491672516
753.7147715091705
754.8557193279266
755.9697394371033
757.1655404567719
758.2765686511993
759.3975698947906
760.5185713768005
761.7512738704681
762.9301223754883
764.0820398330688
765.2060329914093
766.3778977394104
767.5457737445831
768.7246208190918
769.8635740280151
770.9875700473785
772.085629940033
773.2106206417084
774.3316223621368
775.548367023468
776.6753528118134
777.7863805294037
779.0101070404053
780.1331050395966
781.3348886966705
782.5925242900848
783.8192439079285
785.0300042629242
786.2018692493439
787.385703086853
788.5565705299377
789.6975185871124
790.906286239624
792.0562093257904
793.201146364212
794.3391025066376
795.4611010551453
796.6399495601654
797.8447246551514
799.1203126907349
800.2861952781677
801.4520757198334
803.29514503479
804.462023973465
805.6089558601379
806.7169919013977
807.9546813964844
809.0617196559906
810.2236127853394
811.3436164855957
812.5184745788574
813.6344876289368
814.7993719577789
816.0689754486084
817.1989529132843
818.4346477985382
819.6374311447144
820.7664105892181
822.0968511104584
823.1959111690521
824.4126563072205
825.6054668426514
826.8331816196442
827.9761242866516
829.1190686225891
830.3308255672455
831.5346059799194
832.7383854389191
833.8753437995911
834.9674227237701
836.0655210018158
837.1984565258026
838.300507068634
839.4364681243896
840.5524842739105
841.658525466919
842.8034625053406
843.890554189682
845.013551235199
846.1415324211121
847.2146623134613
848.3167154788971
849.4117844104767
850.5018684864044
851.645809173584
852.7957336902618
853.9436616897583
855.0925884246826
856.2903847694397
857.4403080940247
858.5523338317871
859.6294524669647
861.5273768901825
862.68328332901
863.7783541679382
864.9212987422943
866.1320581436157
867.2381024360657
868.3850317001343
869.5499169826508
870.6848793029785
871.7959096431732
872.9189035892487
874.06982588768
875.2117702960968
876.362692117691
877.5235860347748
878.5957181453705
879.669844865799
880.8297438621521
881.9317955970764
883.0248713493347
884.1458733081818
885.2678701877594
886.381893157959
887.4829461574554
888.6837344169617
889.790771484375
890.9496719837189
892.0796489715576
893.2375531196594
894.3046970367432
895.4247026443481
896.5576705932617
897.6457612514496
898.7288627624512
899.8588397502899
901.0406811237335
902.187611579895
903.2687184810638
904.3917150497437
905.482795715332
906.6197545528412
907.7327780723572
908.8547759056091
909.9787697792053
911.1077489852905
912.2885921001434
913.4943652153015
914.6542637348175
915.7942130565643
916.9361584186554
918.4581940174103
918.4941210746765
918.5330317020416
918.5689296722412
918.6008439064026
918.6267743110657
918.6527070999146
918.6796343326569
918.7055637836456
918.7314958572388
918.757426738739
918.7843251228333
918.8102853298187
918.8352179527283
918.8601508140564
918.8850884437561
918.9110455513
918.9349503517151
918.9598925113678
918.9848194122314
919.0097534656525
919.0346655845642
919.0596251487732
919.0845184326172
919.1104531288147
919.1353816986084
919.1603186130524
919.1862761974335
919.2112107276917
919.2361161708832
919.2620425224304
919.2879784107208
919.3149025440216
919.3408362865448
919.3667633533478
919.3917310237885
919.4156658649445
919.4405982494354
919.465530872345
919.490466594696
919.5153987407684
919.540331363678
919.5652356147766
919.5901966094971
919.6161005496979
919.6410598754883
919.6660029888153
919.6908996105194
919.7158601284027
919.7408015727997
920.5032079219818
920.5291404724121
920.5550692081451
920.5809996128082
920.6069309711456
920.6318638324738
920.657790184021
920.6817302703857
920.7076609134674
920.7315926551819
920.7565264701843
920.781459569931
920.8063938617706
920.8315122127533
920.857433795929
920.8823308944702
920.9073050022125
920.9322335720062
920.9581615924835
920.9821009635925
921.0070297718048
921.0319294929504
921.0578601360321
921.0827939510345
921.108724117279
921.134655714035
921.160585641861
921.1865215301514
921.2124509811401
921.2373847961426
921.26331615448
921.2892415523529
921.3141787052155
921.3401095867157
921.3650424480438
921.3899722099304
921.4159021377563
921.4408354759216
921.4657731056213
921.4907400608063
921.5156397819519
921.5405704975128
921.5664989948273
921.5934314727783
921.6183626651764
921.6433310508728
921.6682295799255
921.6931931972504
921.7190928459167
921.7440695762634
