12.841039657592773
11.217242240905762
9.5934476852417
8.648356437683105
8.948051452636719
8.76004695892334
8.237907409667969
7.487768173217773
6.572878360748291
5.534023284912109
4.859498023986816
4.586362838745117
4.3335795402526855
3.8823962211608887
3.267416477203369
2.5156497955322266
1.8630564212799072
1.704202651977539
1.3278722763061523
0.948922336101532
0.919082760810852
0.8843809366226196
0.8444502949714661
1.055741310119629
1.185248851776123
1.2424945831298828
1.235756278038025
1.257970929145813
1.1259243488311768
0.8995980024337769
0.7008999586105347
0.8847922086715698
0.787353515625
0.49416422843933105
0.7036745548248291
0.7665440440177917
0.7038712501525879
0.7562071084976196
0.7480770349502563
0.6857454776763916
0.5748003721237183
0.4202410578727722
0.4979431629180908
0.6173461675643921
0.6700336933135986
0.662800669670105
0.6017446517944336
0.5052417516708374
0.4483908414840698
0.46783536672592163
0.5089700222015381
0.6038844585418701
0.588691234588623
0.5425870418548584
0.7145106792449951
0.6450474262237549
0.440487265586853
0.6556928157806396
0.6034672260284424
0.5259424448013306
0.6558656692504883
0.5967825651168823
0.5347207188606262
0.7661685347557068
0.8087024092674255
0.5983412265777588
0.5578070878982544
0.6989389657974243
0.5848348140716553
0.47818124294281006
0.5456238985061646
0.3739088773727417
0.7333964109420776
0.8469611406326294
0.7222682237625122
0.40357112884521484
0.587204098701477
0.5860462784767151
0.4057765007019043
0.5093887448310852
0.41966885328292847
0.6052106618881226
0.6552755832672119
0.4828333854675293
0.6119072437286377
0.728367269039154
0.6188929080963135
0.43506622314453125
0.6428420543670654
0.6331503391265869
0.41291117668151855
0.7193997502326965
0.8754760026931763
0.8069366216659546
0.537988543510437
0.6342560052871704
0.8296042680740356
0.7995039224624634
0.568041205406189
0.6004422903060913
0.8851736783981323
0.8932560682296753
0.8801862597465515
0.8482158184051514
0.7993564009666443
0.7354006171226501
0.657963752746582
0.5684792995452881
0.5260735750198364
0.4949986934661865
0.461617112159729
0.5327373743057251
0.592118501663208
0.6254181265830994
0.6353676319122314
0.6244063377380371
0.5947262048721313
0.5482912063598633
0.48685967922210693
0.4120081663131714
0.41940659284591675
0.4723742604255676
0.5182370543479919
0.5397617816925049
0.5394726991653442
0.5196511745452881
0.4823148250579834
0.42930543422698975
0.3633767366409302
0.4281669855117798
0.4679486155509949
0.4842907190322876
0.4796072840690613
0.4560813307762146
0.4156559705734253
0.3983333706855774
0.41998326778411865
0.45062899589538574
0.4589155316352844
0.44714659452438354
0.4173874855041504
0.39461255073547363
0.40065646171569824
0.4160672426223755
0.42116641998291016
0.4065468907356262
0.37423819303512573
0.3984227776527405
0.4226207733154297
0.42530298233032227
28.146530151367188
27.616575241088867
26.901020050048828
26.062511444091797
25.137544631958008
24.150800704956055
23.12602996826172
22.07579803466797
20.999494552612305
19.903654098510742
18.794513702392578
17.674741744995117
16.549423217773438
15.482928276062012
14.52017593383789
13.717252731323242
13.043766975402832
12.434224128723145
11.856547355651855
11.29415225982666
10.748990058898926
10.20411491394043
9.666536331176758
9.127265930175781
8.586737632751465
8.041146278381348
7.512192726135254
7.02267599105835
6.579769134521484
6.190101623535156
5.836244583129883
5.495110988616943
5.163386344909668
4.831470489501953
4.4931817054748535
4.155645370483398
3.8370132446289062
3.5421671867370605
3.269171714782715
3.0253448486328125
2.8042349815368652
2.5912818908691406
2.3797624111175537
2.172412872314453
1.9837244749069214
1.828664779663086
1.7036762237548828
1.6107929944992065
1.5504274368286133
1.5145729780197144
1.5109988451004028
1.502198576927185
1.4770026206970215
1.43761146068573
1.388160228729248
1.343998670578003
1.3013919591903687
1.2610704898834229
1.224635124206543
1.1830068826675415
1.1350460052490234
1.0946340560913086
1.064125895500183
1.0406851768493652
1.0251647233963013
1.01778244972229
1.010347843170166
0.996816873550415
0.9770203828811646
0.9564518928527832
0.940552294254303
0.9272372722625732
0.9182121753692627
0.913447380065918
0.9111784100532532
0.9097964763641357
0.9067395329475403
0.9016345143318176
0.8945915102958679
0.8859182596206665
0.8786970376968384
0.8737632632255554
0.8707805275917053
0.8691691160202026
0.8682072162628174
0.8669711351394653
0.8667777180671692
0.8657016754150391
0.8638163805007935
0.8613430261611938
0.8598082661628723
0.8587518334388733
0.8577677011489868
0.8573035597801208
0.8542442321777344
0.8517306447029114
0.8496955037117004
0.8500193357467651
0.850294291973114
0.850307822227478
0.8498444557189941
0.8500380516052246
0.8500071167945862
0.8489236235618591
0.8469662666320801
0.8472617864608765
0.8467200994491577
0.8465344905853271
0.8483501076698303
0.8478010892868042
0.8467187881469727
0.8478409051895142
0.847416877746582
0.8455144166946411
0.8447974920272827
0.8463872075080872
0.8456404209136963
0.8447895050048828
0.8450645208358765
0.8453999757766724
0.8442195057868958
0.843872606754303
0.8436846733093262
0.8433772325515747
0.843677282333374
0.8427073359489441
0.8426072597503662
0.842726469039917
0.8421522378921509
0.8428065776824951
0.8423507213592529
0.8432831168174744
0.8425275683403015
0.843220591545105
0.8438823223114014
0.8430360555648804
0.8413294553756714
0.8427654504776001
0.8411376476287842
0.8435745239257812
0.8447631597518921
0.8443684577941895
0.8425578474998474
0.8417153358459473
0.8440321683883667
0.8434047102928162
0.8410032391548157
0.8429628014564514
0.8440970778465271
0.8436188697814941
0.8417230844497681
0.8413706421852112
0.8409167528152466
0.840368390083313
0.8402262926101685
0.8404339551925659
0.8406238555908203
0.8407351970672607
0.8405362367630005
0.8402039408683777
0.8399511575698853
0.8397328853607178
0.8399140238761902
0.8399295806884766
0.8397970199584961
0.839532732963562
0.8395690321922302
0.8397599458694458
0.8397512435913086
0.8394594788551331
0.8393070697784424
0.8394553661346436
0.8394510746002197
0.8393023014068604
0.8391315937042236
0.839159369468689
0.8391678929328918
0.8389663100242615
0.8390883207321167
0.839110791683197
0.8389955759048462
0.838928759098053
0.8391537666320801
0.839107096195221
0.8387831449508667
0.8389497995376587
0.8391116261482239
0.8391090631484985
0.838966965675354
0.8386996984481812
0.8387041091918945
0.8388952016830444
0.8388786315917969
0.8386833071708679
0.8385092616081238
0.8386069536209106
0.8387026786804199
0.8386456370353699
0.8384521007537842
0.838289737701416
0.8383792042732239
0.8383012413978577
0.8381262421607971
0.8381578922271729
0.838047444820404
0.8381638526916504
0.8381171226501465
0.837968111038208
0.8381646871566772
0.8382297158241272
0.8381450176239014
0.837924063205719
0.837916374206543
0.8381555080413818
0.8381003141403198
0.8377808332443237
0.8377560377120972
0.8378286957740784
0.8377524018287659
0.8375402092933655
0.8378583192825317
0.8379292488098145
0.8377110958099365
0.8374676704406738
0.8375714421272278
0.8375305533409119
0.8373876214027405
0.8373858332633972
0.8373153805732727
0.8373246192932129
0.8372540473937988
0.8372652530670166
0.8371995687484741
0.8372378349304199
0.83726966381073
0.8371535539627075
0.8370922803878784
0.8370498418807983
0.8370497226715088
0.8370571136474609
0.8369245529174805
0.8370177745819092
0.8369907736778259
0.8368782997131348
0.8369764685630798
0.8370246887207031
0.8369264602661133
0.8367645144462585
0.8367766737937927
0.8367205858230591
0.836604118347168
0.8367127776145935
0.8367030620574951
0.8367114663124084
0.8368056416511536
0.8367283344268799
0.8367276787757874
0.8368659615516663
0.8368951082229614
0.8367931842803955
0.8365578651428223
0.8368985652923584
0.837039589881897
0.8368924856185913
0.8367680311203003
0.8367395401000977
0.8368872404098511
0.8368838429450989
0.836743175983429
0.8368327617645264
0.8369147181510925
0.8369219303131104
0.8368690013885498
0.8367522954940796
0.8365797996520996
0.8367710113525391
0.8368399143218994
0.8367648124694824
0.8367246389389038
0.8367294073104858
0.8367345333099365
0.8367346525192261
0.8366599082946777
0.8366270065307617
0.8366028666496277
0.8364993333816528
0.8365556597709656
0.8365393877029419
0.8365055918693542
0.8364734649658203
0.8364921808242798
0.8364943861961365
0.8364819288253784
0.8364927172660828
0.8365173935890198
0.8364335298538208
0.8364342451095581
0.836481511592865
0.836442232131958
0.8364192247390747
0.8364928960800171
0.8364803791046143
0.8364801406860352
0.8364717960357666
0.8364418745040894
0.8365319967269897
0.8364521861076355
0.8364924788475037
0.8365100622177124
0.8364465236663818
0.8364518880844116
0.8364164233207703
0.8364154100418091
0.8364231586456299
0.8365123867988586
0.8365474939346313
0.8365045189857483
0.8364533185958862
0.8365941047668457
0.8364546895027161
0.8365057706832886
0.8365955352783203
0.8365432620048523
0.8365573287010193
0.8366222381591797
0.8366187214851379
0.8365478515625
0.8364889621734619
0.8364821672439575
0.8364232778549194
0.8363974094390869
0.8363292217254639
0.8364540338516235
0.8364465236663818
0.83646160364151
0.8364167213439941
0.8364148139953613
0.8363505601882935
0.8363989591598511
0.8363752365112305
0.8363925218582153
0.8363615274429321
0.8363752365112305
0.8363430500030518
0.8363427519798279
0.8363101482391357
0.8364460468292236
0.8363808393478394
0.8364077806472778
0.8364757299423218
142.38502502441406
136.19068908691406
130.2763214111328
124.65142822265625
118.92771911621094
113.1822509765625
107.4808120727539
101.95124053955078
96.80101776123047
92.71214294433594
89.99060821533203
87.13546752929688
84.20643615722656
81.0280990600586
77.56256866455078
74.03765106201172
70.35225677490234
66.93830871582031
63.82090759277344
60.878692626953125
58.51049041748047
56.76002502441406
55.31572723388672
53.44778060913086
51.389591217041016
49.13370132446289
46.83589553833008
44.52506637573242
42.10921859741211
39.6876106262207
37.42914581298828
35.64447021484375
34.0606803894043
32.76612854003906
31.382776260375977
29.932796478271484
28.45049285888672
27.00575828552246
25.71657371520996
24.419965744018555
23.370466232299805
22.1566104888916
20.76559829711914
19.284435272216797
17.81265640258789
16.206642150878906
14.834277153015137
13.837605476379395
12.657329559326172
11.169395446777344
9.69016170501709
7.994604587554932
6.671667098999023
6.0575785636901855
5.748424530029297
5.350886821746826
5.0975661277771
5.306775093078613
5.464692115783691
5.425152778625488
5.597311019897461
5.660383224487305
5.654999732971191
5.4732441902160645
5.362707614898682
5.377311706542969
5.213145732879639
5.029376029968262
4.7533111572265625
4.653520107269287
4.460724353790283
4.372694969177246
4.240193843841553
3.9838051795959473
3.7882566452026367
3.802380084991455
3.6838738918304443
3.615806818008423
3.4673984050750732
3.47513747215271
3.4070303440093994
3.369669198989868
3.1919775009155273
3.0251529216766357
3.000359296798706
2.9743292331695557
2.8402113914489746
2.845905303955078
2.764371395111084
2.797417402267456
2.8866634368896484
2.8529715538024902
2.661696195602417
2.703187942504883
2.7408559322357178
2.635261297225952
2.6153335571289062
2.663353443145752
2.6783392429351807
2.6775121688842773
2.699655771255493
2.534761905670166
2.5372731685638428
2.5751376152038574
2.53212571144104
2.496192693710327
2.562343120574951
2.5428202152252197
2.4762747287750244
2.5976579189300537
2.6584627628326416
2.62502384185791
2.502929210662842
2.588127613067627
2.607050657272339
2.609575033187866
2.5221879482269287
2.5352134704589844
2.4978156089782715
2.5048725605010986
2.5690314769744873
2.534877061843872
2.4758238792419434
2.623143196105957
2.66494083404541
2.567347288131714
2.474133253097534
2.5101919174194336
2.442718029022217
2.466174602508545
2.598492383956909
2.4676146507263184
2.471986770629883
2.479273557662964
2.4849016666412354
2.601677656173706
2.559791088104248
2.5474212169647217
2.469053268432617
2.519878625869751
2.4041786193847656
2.449796676635742
2.4839539527893066
2.565145254135132
2.488790273666382
2.639492988586426
2.697934627532959
2.5648930072784424
2.46791410446167
2.667710304260254
20.28981590270996
20.220247268676758
20.085369110107422
19.960044860839844
19.824892044067383
19.69342803955078
19.572757720947266
19.464006423950195
19.370790481567383
19.277320861816406
19.201879501342773
19.14398193359375
19.10374641418457
19.082040786743164
19.061920166015625
19.025129318237305
18.99398422241211
18.983680725097656
18.98872947692871
19.000507354736328
19.007108688354492
19.010787963867188
19.01041030883789
19.002248764038086
18.993196487426758
18.9736385345459
18.953826904296875
18.92988395690918
18.91707992553711
18.90570068359375
18.90702247619629
18.911537170410156
18.92350959777832
18.935688018798828
18.942340850830078
18.94536781311035
18.943336486816406
18.939250946044922
18.928791046142578
18.91984748840332
18.910709381103516
18.90216827392578
18.90118980407715
18.8976993560791
18.89811897277832
18.89641571044922
18.896427154541016
18.895626068115234
18.894201278686523
18.89166831970215
18.891014099121094
18.889541625976562
18.889999389648438
18.891521453857422
18.89209747314453
18.89339256286621
18.894386291503906
18.89395523071289
18.89521026611328
18.895219802856445
18.89410972595215
18.8939151763916
18.89344596862793
18.895084381103516
18.892414093017578
18.89072608947754
18.889263153076172
18.888916015625
18.884498596191406
18.882484436035156
18.88287925720215
18.88273048400879
18.880393981933594
18.87828254699707
18.880260467529297
18.88067054748535
18.88001823425293
18.88435173034668
18.883541107177734
18.882823944091797
18.88120460510254
18.881305694580078
18.881412506103516
18.88111686706543
18.880434036254883
18.879579544067383
18.879348754882812
18.879779815673828
18.878557205200195
18.878421783447266
18.87825584411621
18.87506103515625
18.875198364257812
18.87496566772461
18.874897003173828
18.876998901367188
18.876964569091797
18.87667465209961
18.876056671142578
18.875619888305664
18.875244140625
18.874807357788086
18.87451171875
18.874340057373047
18.8739070892334
18.873321533203125
18.872817993164062
18.87234115600586
18.87128448486328
18.8715877532959
18.871206283569336
18.871002197265625
18.870563507080078
18.87040901184082
18.8695011138916
18.869125366210938
18.86878776550293
18.86850929260254
18.868179321289062
18.867130279541016
18.866756439208984
18.86637306213379
18.86668586730957
18.86630630493164
18.865921020507812
18.865550994873047
18.865148544311523
18.864797592163086
18.864423751831055
18.86405372619629
18.863725662231445
18.863351821899414
18.862247467041016
18.8618221282959
18.861154556274414
18.86077880859375
18.860410690307617
18.860029220581055
18.859661102294922
18.859390258789062
18.85902976989746
18.8586483001709
18.85778045654297
18.85791015625
18.8575439453125
18.857166290283203
18.85679817199707
18.85643768310547
18.856060028076172
18.855690002441406
18.855070114135742
18.033424377441406
17.228878021240234
16.463756561279297
15.73861026763916
15.060729026794434
14.414917945861816
13.780616760253906
13.167627334594727
12.596158027648926
12.067178726196289
11.547911643981934
11.027140617370605
10.505034446716309
9.986358642578125
9.484560012817383
9.027615547180176
8.651834487915039
8.316758155822754
7.996669769287109
7.713892936706543
7.467593193054199
7.2485737800598145
7.060997009277344
6.895135879516602
6.743927955627441
6.606144428253174
6.515895843505859
6.444720268249512
6.3654561042785645
6.270838260650635
6.168771743774414
6.065324783325195
5.962614059448242
5.859053134918213
5.768794536590576
5.679095268249512
5.590610027313232
5.510542392730713
5.446584701538086
5.399839401245117
5.362911701202393
5.342342376708984
5.318269729614258
5.283566951751709
5.235755920410156
5.180375099182129
5.127316951751709
5.080094814300537
5.041490077972412
5.01009464263916
4.985823631286621
4.96502161026001
4.950028419494629
4.942699432373047
4.931580066680908
4.918911457061768
4.90203857421875
4.885739326477051
4.874385833740234
4.863916397094727
4.854889869689941
4.847845077514648
4.8409881591796875
4.834466457366943
4.833828449249268
4.830191612243652
4.823590278625488
4.817628383636475
4.809601306915283
4.802613258361816
4.794936656951904
4.789050102233887
4.785045623779297
4.785168647766113
4.784700870513916
4.7870073318481445
4.783681869506836
4.78154993057251
4.779944896697998
4.77806282043457
4.778901100158691
4.779080390930176
4.778007507324219
4.7767229080200195
4.772955894470215
4.7724761962890625
4.771398067474365
4.7685546875
4.768423080444336
4.768002986907959
4.766716957092285
4.766093730926514
4.764945030212402
4.763584136962891
4.761380672454834
4.7610273361206055
4.7620320320129395
4.762206554412842
4.760914325714111
4.75994873046875
4.758999824523926
4.759587287902832
4.758833408355713
4.759101867675781
4.757691383361816
4.757103443145752
4.757122039794922
4.756229400634766
4.756258010864258
4.756063461303711
4.756242752075195
4.754579544067383
4.755631923675537
4.754190921783447
4.75358247756958
4.753128528594971
4.753842353820801
4.753383636474609
4.752166748046875
4.753047943115234
4.753257751464844
4.751753807067871
4.750565528869629
4.750422954559326
4.750229358673096
4.7499895095825195
4.748559951782227
4.749855041503906
4.750616073608398
4.750352382659912
4.75084924697876
4.750442981719971
4.749205112457275
4.748525142669678
4.746585845947266
4.74651575088501
4.745800971984863
4.745763301849365
4.745907306671143
4.746110916137695
4.745776176452637
4.745162487030029
4.7437543869018555
4.744016647338867
4.744405746459961
4.744816780090332
4.745172500610352
4.745490074157715
4.744289398193359
4.744149684906006
4.743836402893066
4.744572639465332
4.744287490844727
4.743895530700684
4.7438063621521
4.742642402648926
4.742938995361328
4.742016315460205
4.7413330078125
4.740759372711182
4.740267276763916
4.739933967590332
4.740786075592041
4.741748809814453
4.741641521453857
4.740991592407227
4.739610195159912
4.740203857421875
4.740350246429443
4.739624500274658
4.739156246185303
4.738826751708984
4.738516807556152
4.738401412963867
4.737044811248779
4.738067150115967
4.737836837768555
4.73726749420166
4.737656593322754
4.736642360687256
4.736209869384766
4.736330032348633
4.737100124359131
4.736832618713379
4.737946510314941
4.7375922203063965
4.737209796905518
4.737151145935059
4.7374491691589355
4.737260341644287
4.737076282501221
4.73664665222168
4.736342430114746
4.7363080978393555
4.735907077789307
4.735723495483398
4.736509323120117
4.7372236251831055
4.738264083862305
4.736762046813965
4.735717296600342
4.735534191131592
4.736630916595459
4.735764980316162
4.734270095825195
4.733217716217041
4.733008861541748
4.732972621917725
4.732590675354004
4.7327494621276855
4.733209133148193
4.732906818389893
4.7317657470703125
4.731990814208984
4.731637001037598
4.732823371887207
4.732778072357178
4.732504844665527
4.732423782348633
4.7327961921691895
4.730603218078613
4.729830265045166
4.730235576629639
4.729755878448486
4.7292022705078125
4.7290449142456055
4.729385852813721
4.728084087371826
4.727787494659424
4.7278947830200195
4.728006362915039
4.7288947105407715
4.729887962341309
4.729709625244141
4.729875564575195
4.730165958404541
4.729769229888916
4.729562759399414
4.728759765625
4.729733943939209
4.729091167449951
4.729112148284912
4.729117393493652
4.730310440063477
4.730166435241699
4.7304534912109375
4.730450630187988
4.728866100311279
4.728024959564209
4.727761268615723
4.7278594970703125
4.727565288543701
4.727666854858398
4.727695941925049
4.726767063140869
4.725266456604004
4.7249908447265625
4.724991798400879
4.725759983062744
4.725590705871582
4.725900650024414
4.725821018218994
4.7251057624816895
4.724937915802002
4.72490119934082
4.725003242492676
4.725252151489258
4.724690914154053
4.724936008453369
4.724831581115723
4.725383758544922
4.7252583503723145
4.7252092361450195
4.725461006164551
4.725193023681641
4.725106239318848
4.724053382873535
4.723740577697754
4.7235107421875
4.724027633666992
4.724891662597656
4.725255012512207
4.724725723266602
4.723574161529541
4.723681449890137
4.723296165466309
4.723884582519531
4.724121570587158
4.724198818206787
4.7238359451293945
4.723784923553467
4.723796367645264
4.723703861236572
4.7245378494262695
4.724480628967285
4.724470615386963
4.725371837615967
4.725828170776367
4.725886821746826
4.726385593414307
4.72656774520874
4.7264485359191895
4.726202964782715
4.726475238800049
4.726400375366211
4.726263046264648
4.727395057678223
4.727919101715088
4.727637767791748
4.727595329284668
4.727734088897705
4.727842807769775
4.727221488952637
4.7263970375061035
4.726150035858154
4.726037979125977
4.726158618927002
4.725945472717285
4.725841999053955
4.7255964279174805
4.726235866546631
4.726159572601318
4.7252936363220215
4.725291728973389
4.725099086761475
4.723810195922852
4.723773956298828
4.725010395050049
4.725672721862793
4.725674629211426
4.726650714874268
4.727839469909668
4.728201389312744
4.729188442230225
4.728759765625
4.729564189910889
4.728622913360596
4.728908061981201
4.730697154998779
4.7301859855651855
4.730011940002441
4.730865001678467
4.730896949768066
4.730670928955078
4.730854511260986
4.729862689971924
4.729743003845215
4.729771137237549
4.7294111251831055
4.729892730712891
4.72957181930542
4.729435920715332
4.729539394378662
4.729207992553711
4.7291259765625
4.729341506958008
4.729177951812744
4.728923320770264
4.729213237762451
4.729038715362549
4.729621887207031
4.728988170623779
4.728969097137451
4.728423595428467
4.728294849395752
4.7279815673828125
4.7283830642700195
4.727591514587402
4.7274274826049805
4.7282280921936035
4.72959041595459
4.7296013832092285
4.729247093200684
4.729122638702393
4.728830814361572
4.728938102722168
4.728498458862305
4.727908134460449
4.7279438972473145
4.726678848266602
4.72650146484375
4.726293087005615
4.7272629737854
4.727264881134033
4.727495193481445
4.727322101593018
4.727042198181152
4.726688861846924
4.728235721588135
4.7274603843688965
4.727266788482666
4.727506637573242
4.727538108825684
4.727320194244385
4.727132797241211
4.72728967666626
4.727444171905518
4.7274627685546875
4.72728157043457
0.7336490154266357
0.7239007949829102
0.7149260640144348
0.7069202065467834
0.6998387575149536
0.6934775114059448
0.6878435015678406
0.6828093528747559
0.6781250834465027
0.6738709211349487
0.6699082851409912
0.6661883592605591
0.6627140045166016
0.6595616340637207
0.6567062735557556
0.6541801691055298
0.6519079804420471
0.6498245596885681
0.6481437683105469
0.6469143629074097
0.6462329626083374
0.6461454033851624
0.6457642316818237
0.6453417539596558
0.644851803779602
0.6443502306938171
0.6439068913459778
0.6434947848320007
0.6431600451469421
0.6429283022880554
0.6428163051605225
0.6427738666534424
0.6428138613700867
0.6427992582321167
0.6426906585693359
0.6425356864929199
0.642411470413208
0.642264187335968
0.6420819759368896
0.6419808864593506
0.641921877861023
0.6419054269790649
0.6418978571891785
0.6418721079826355
0.6418092250823975
0.6417294144630432
0.6416779160499573
0.6415939331054688
0.6415528059005737
0.6415250897407532
0.6415490508079529
0.6415423154830933
0.6414703726768494
0.6414607763290405
0.6414374709129333
0.6413918733596802
0.641358494758606
0.641355574131012
0.6413556337356567
0.6413641571998596
0.6413549184799194
0.6413126587867737
0.6413401365280151
0.6413817405700684
0.6413525342941284
0.6413134336471558
0.6412975788116455
0.6412873268127441
0.6413243412971497
0.6413230299949646
0.6412777900695801
0.6412602066993713
0.6412451267242432
0.6412551999092102
0.6412644982337952
0.6412544846534729
0.6412239670753479
0.6412215828895569
0.6412479281425476
0.6412578225135803
0.6412278413772583
0.6412194967269897
0.6412251591682434
0.6412450671195984
0.6412506699562073
0.6412453055381775
0.6412422060966492
0.6412345767021179
0.6412488222122192
0.6412501931190491
0.6412381529808044
0.6412365436553955
0.6412416100502014
0.6412558555603027
0.6412415504455566
0.6412363648414612
0.6412475109100342
0.6412540078163147
0.6412544846534729
0.6412416100502014
