2.3248441219329834
2.4684596061706543
2.6120753288269043
2.7716476917266846
2.9242451190948486
3.0888004302978516
3.2433855533599854
3.3870017528533936
3.536602258682251
3.6901960372924805
3.8338065147399902
3.9734342098236084
4.121038913726807
4.262659788131714
4.419240713119507
4.574825048446655
4.720434665679932
4.866044998168945
5.022626638412476
5.166242837905884
5.304871559143066
5.4534752368927
5.600081443786621
5.746690511703491
5.892300367355347
6.031926870346069
6.175542593002319
6.311179161071777
6.447815656661987
6.592427015304565
6.73504638671875
6.878663063049316
7.0232744216918945
7.169884204864502
7.321477174758911
7.466089963912964
7.614692687988281
7.7652907371521
7.9228692054748535
8.073467016220093
8.222069263458252
8.370670318603516
8.518280267715454
8.670869588851929
8.811492919921875
8.956105470657349
9.101714611053467
9.254307508468628
9.399916887283325
9.548519611358643
10.460254669189453
10.603871822357178
10.74250054359436
10.888110160827637
11.050676584243774
11.195290088653564
11.347881555557251
11.489501714706421
11.648077249526978
11.792690515518188
11.936307191848755
12.077928066253662
12.238502979278564
12.38111662864685
12.524733066558838
12.667350769042969
12.820940494537354
12.969542503356934
13.1131591796875
13.263756036758423
13.40837049484253
13.561958074569702
13.700587034225464
13.846198558807373
14.011754512786865
14.167339563369751
14.32092809677124
14.457562685012817
14.600181818008423
14.758756637573242
14.907358646392822
15.059950590133667
15.213540315628052
15.367129564285278
15.523746728897095
15.666329860687256
15.807950258255005
15.957549571990967
16.10914421081543
16.25375723838806
16.427292823791504
16.578887462615967
16.72649312019348
16.872103214263916
17.017714738845825
17.16132950782776
17.308934688568115
17.462524890899658
17.615116357803345
17.7607262134552
18.681265354156494
18.82587695121765
18.975478172302246
19.1200909614563
19.26969075202942
19.411311626434326
19.56689453125
19.71051025390625
19.84913969039917
20.013699293136597
20.16230273246765
20.322874069213867
20.46748661994934
20.607112646102905
20.7557156085968
20.899331092834473
21.058903455734253
21.20451545715332
21.35710644721985
21.515681743621826
21.66129207611084
21.805906772613525
21.950519323349
22.10011863708496
22.248726844787598
22.405303239822388
22.550913095474243
22.703506231307983
22.858092069625854
23.007692098617554
23.151307106018066
23.304895639419556
23.454495429992676
23.59911060333252
23.738736152648926
23.88334846496582
24.031951904296875
24.18554139137268
24.335139751434326
24.483742237091064
24.624366521835327
24.76798176765442
24.914591073989868
25.076157569885254
25.246702671051025
25.395303964614868
25.555874347686768
25.723426580429077
25.866044998168945
26.003676891326904
26.918359518051147
27.07294774055481
27.215564489364624
27.35618829727173
27.498806953430176
27.649405002593994
27.797009229660034
27.948605060577393
28.10019850730896
28.244812488555908
28.385435342788696
28.528053760528564
28.685632467269897
28.834234714508057
28.981839895248413
29.125455856323242
29.280043601989746
29.424655437469482
29.571264028549194
29.715877056121826
29.87345600128174
30.023056268692017
30.170661687850952
30.319262981414795
30.47883629798889
30.64738655090332
30.79299569129944
30.949576139450073
31.095187187194824
31.243790864944458
31.391395568847656
31.54199242591858
31.6915922164917
31.85316014289856
32.00275945663452
32.16632294654846
32.311931848526
32.4625289440155
32.63407111167908
32.77669048309326
32.92329692840576
33.07888054847717
33.22149896621704
33.39204263687134
33.548624992370605
33.736122369766235
33.90168046951294
34.05626606941223
34.20387101173401
34.35247445106506
35.27262854576111
35.42322659492493
35.575817346572876
35.71943473815918
35.871028900146484
36.02362012863159
36.171226024627686
36.320825815200806
36.49336290359497
36.646953105926514
36.8075225353241
36.955129623413086
37.10373044013977
37.24535250663757
37.386972427368164
37.527596950531006
37.68118619918823
37.82879137992859
37.97938799858093
38.127992391586304
38.29654145240784
38.45312190055847
38.60072660446167
38.747334241867065
38.90391516685486
39.04553723335266
39.23602628707886
39.38363194465637
39.580106019973755
39.74267244338989
39.88429355621338
40.02990388870239
40.178505420684814
40.37797164916992
40.52458071708679
40.672184467315674
40.81879258155823
40.96540141105652
41.11001372337341
41.255624771118164
41.40323042869568
41.54584765434265
41.69145965576172
41.835073947906494
41.979687452316284
42.12829065322876
42.26891469955444
42.40953731536865
42.562129497528076
42.708739280700684
43.63108444213867
43.77370309829712
43.918314933776855
44.061930656433105
44.20355176925659
44.361130237579346
44.50374889373779
44.66332221031189
44.80793595314026
44.94656467437744
45.091177463531494
45.23579144477844
45.37840962409973
45.519033670425415
45.665642499923706
45.80825972557068
45.95387029647827
46.09948110580444
46.24309682846069
46.38671255111694
46.52833294868469
46.67294669151306
46.82055139541626
46.963170528411865
47.11376762390137
47.26935172080994
47.423938274383545
47.571542739868164
47.7181510925293
47.861767053604126
48.0093719959259
48.14999532699585
48.28862428665161
48.43623328208923
48.59281063079834
48.74839448928833
48.89899253845215
49.0545756816864
49.195199728012085
49.36574411392212
49.50437307357788
49.648985385894775
49.79758858680725
49.96613788604736
50.11573672294617
50.260350704193115
50.41094779968262
50.56852746009827
50.7201201915741
50.86872339248657
51.825321197509766
51.98489284515381
52.14247250556946
52.29805564880371
52.448652267456055
52.59725522994995
52.74685454368591
52.90144205093384
53.04605507850647
53.24252915382385
53.39113140106201
53.53873634338379
53.71725940704346
53.90774989128113
54.05535578727722
54.215925455093384
54.360538959503174
54.500165939331055
54.641786336898804
54.79537582397461
54.94697070121765
55.14942932128906
55.297032594680786
55.44962453842163
55.58925127983093
55.73586058616638
55.89543390274048
56.05001926422119
56.2046103477478
56.357197284698486
56.502808809280396
56.65340614318848
56.82295227050781
56.971558570861816
57.12415027618408
57.28372359275818
57.42534112930298
57.568960428237915
57.72952890396118
57.89608144760132
58.04967141151428
58.19328570365906
58.34687566757202
58.50844383239746
58.71289563179016
58.870473861694336
59.025065660476685
59.17864966392517
59.32625651359558
59.47386193275452
60.372085094451904
60.510714054107666
60.65133786201477
60.82986044883728
60.99142837524414
61.145018100738525
61.30359363555908
61.453192949295044
61.60678195953369
61.7513952255249
61.897005796432495
62.046605348587036
62.19520878791809
62.348797082901
62.49241375923157
62.634034395217896
62.78163933753967
62.9352285861969
63.08383107185364
63.23841738700867
63.38702034950256
63.5445990562439
63.694199323654175
63.83781409263611
63.99938249588013
64.14299821853638
64.29060339927673
64.43621349334717
64.58780789375305
64.73641037940979
64.88800477981567
65.03561019897461
65.19219207763672
65.35375928878784
65.49936962127686
65.6479721069336
65.79657459259033
65.94019031524658
66.08779549598694
66.23639798164368
66.37801909446716
66.52961349487305
66.67422676086426
66.82083463668823
66.96843981742859
67.11604475975037
67.27861070632935
67.41923427581787
67.56584239006042
67.72342157363892
68.64954018592834
68.7981424331665
68.94275546073914
69.09933662414551
69.25591802597046
69.4025251865387
69.55312275886536
69.70172595977783
69.84833288192749
69.99294567108154
70.13456749916077
70.28715920448303
70.4387538433075
70.59533524513245
70.78682208061218
70.93043875694275
71.0780439376831
71.21866750717163
71.36328077316284
71.51188278198242
71.66248035430908
71.81008529663086
71.94871473312378
72.0983145236969
72.24093294143677
72.38055968284607
72.52816486358643
72.67277789115906
72.81539583206177
72.96200370788574
73.10262799263
73.2472414970398
73.39584350585938
73.54644060134888
73.7100043296814
73.86458992958069
74.01718163490295
74.16578388214111
74.31239199638367
74.46398639678955
74.61757516860962
74.76418352127075
74.90680193901062
75.04642844200134
75.18505787849426
75.3306679725647
75.47927021980286
75.61789965629578
75.79542422294617
75.93704628944397
76.86755681037903
77.0131676197052
77.1587781906128
77.34428119659424
77.48989200592041
77.635502576828
77.78709673881531
77.93270754814148
78.07233381271362
78.24985933303833
78.4014539718628
78.54706382751465
78.70264768600464
78.84327220916748
78.98788475990295
79.13549017906189
79.28010416030884
79.43469023704529
79.58927631378174
79.73887610435486
79.88548374176025
80.02610754966736
80.17271566390991
80.316330909729
80.46094512939453
80.6035635471344
80.75415992736816
80.9057548046112
81.04637789726257
81.18700242042542
81.32463359832764
81.46625566482544
81.61585569381714
81.76246356964111
81.90907073020935
82.05468106269836
82.20727348327637
82.35388207435608
82.49350762367249
82.64410471916199
82.80866432189941
82.97621703147888
83.13379526138306
83.28738403320312
83.4339919090271
83.57860493659973
83.731196641922
83.88977313041687
84.03837490081787
84.19894552230835
86.03302764892578
87.01440262794495
88.00475406646729
89.06491708755493
90.12109208106995
91.21416807174683
92.30026340484619
93.35444450378418
94.4864149093628
95.64132618904114
96.75534582138062
97.90127992630005
98.97939610481262
100.06250095367432
101.1276502609253
102.1778404712677
103.2360098361969
104.29417896270752
105.32242894172668
106.37461400032043
107.3998715877533
108.43510246276855
109.48429560661316
110.52551031112671
111.58866691589355
112.65481543540955
113.66810417175293
114.713308095932
115.80339241027832
116.80670881271362
117.8259825706482
118.87417793273926
119.98221397399902
121.00049018859863
122.0596570968628
123.07992815971375
124.14009213447571
125.2062406539917
126.26640462875366
127.26972079277039
128.2850043773651
129.31425094604492
130.39336585998535
131.54328846931458
132.62838578224182
133.61674284934998
134.63003158569336
135.6373369693756
136.68653059005737
137.72674918174744
139.48031306266785
140.51654171943665
141.5747103691101
142.65382432937622
143.73592948913574
144.77614641189575
145.8323211669922
146.83862948417664
147.89081478118896
148.95097875595093
149.97124981880188
151.01844835281372
152.03273606300354
153.02907037734985
154.07327842712402
155.09255123138428
156.09087991714478
157.0702600479126
158.1154646873474
159.17862057685852
160.26371788978577
161.362779378891
162.38105487823486
163.4362313747406
164.50836324691772
165.568528175354
166.69152402877808
167.80454683303833
168.929536819458
170.01662921905518
171.0568470954895
172.0711328983307
173.133291721344
174.16752576828003
175.2217059135437
176.22801399230957
177.23332452774048
178.23763799667358
179.26887941360474
180.3190701007843
181.3533034324646
182.4663269519806
183.5264904499054
184.57668113708496
185.61889338493347
186.68703651428223
187.7581708431244
188.7924041748047
189.7897367477417
190.80302596092224
192.52718138694763
193.58136129379272
194.64152574539185
195.7276210784912
196.7967607975006
197.8579225540161
198.91908478736877
199.98922061920166
201.0653429031372
202.30303239822388
203.37715864181519
204.48519468307495
205.64708590507507
206.7162263393402
207.77040767669678
208.8963942527771
210.01041507720947
211.10748052597046
212.13273763656616
213.41430974006653
214.5303237438202
215.7261245250702
216.83914828300476
217.93920469284058
219.12403559684753
220.1991593837738
221.3919699192047
222.4710831642151
223.542218208313
224.6781804561615
225.83109545707703
226.92716360092163
228.03619718551636
229.1611876487732
230.2103807926178
231.28550362586975
232.34267735481262
233.37192392349243
234.45801758766174
235.601957321167
236.76584386825562
237.8429639339447
238.87220931053162
239.9583055973053
241.01547646522522
242.10556268692017
243.17270588874817
244.27176594734192
245.31397795677185
246.35319924354553
248.1533830165863
249.20856022834778
250.28169417381287
251.34783744812012
252.45786833763123
253.637713432312
254.75771760940552
255.89368391036987
257.0785095691681
258.1496434211731
259.20980739593506
260.26797819137573
261.3540713787079
262.50100326538086
263.60604763031006
264.6652157306671
265.7692608833313
266.8713128566742
267.9464375972748
269.0474922657013
270.1884398460388
271.32240653038025
272.4523844718933
273.62424874305725
274.7372715473175
275.9320764541626
277.0760169029236
278.1780676841736
279.3230061531067
280.4499912261963
281.5520420074463
282.60921454429626
283.7172522544861
284.8452339172363
285.979199886322
287.1101760864258
288.2660822868347
289.43296122550964
290.5240435600281
291.647038936615
292.7201690673828
293.78731393814087
294.84648060798645
295.8896896839142
296.9897475242615
298.15862011909485
299.21878480911255
300.2949068546295
301.37701082229614
302.4940228462219
304.3151514530182
305.38329553604126
306.50230169296265
307.5854048728943
308.6186397075653
309.7216897010803
310.8037943840027
311.9247958660126
312.9869544506073
314.1139397621155
315.21499466896057
316.3060772418976
317.3821985721588
318.49123072624207
319.6102383136749
320.81601190567017
321.93402194976807
323.0470440387726
324.1600670814514
325.2830629348755
326.3601825237274
327.4073815345764
328.4904844760895
329.5386793613434
330.674640417099
331.7906548976898
332.85082054138184
333.9159712791443
335.0010688304901
336.07818603515625
337.1642806529999
338.18754482269287
339.2826144695282
340.3547480106354
341.43386054039
342.4770724773407
343.51828479766846
344.5784480571747
345.7114176750183
346.8084828853607
347.9394586086273
349.10733366012573
350.2283351421356
351.28650426864624
352.3576395511627
353.4477229118347
354.4959189891815
355.54411721229553
356.5853314399719
357.6464912891388
359.50881481170654
360.58493542671204
361.6351263523102
362.7800633907318
363.9269962310791
365.0759222507477
366.15703082084656
367.2052261829376
368.32223773002625
369.38838720321655
370.5034034252167
371.6194179058075
372.70651149749756
373.7686686515808
374.8078889846802
375.86805295944214
376.9272210597992
377.95247769355774
378.9986798763275
380.0378987789154
381.1379563808441
382.2958586215973
383.3470482826233
384.4680483341217
385.5361919403076
386.6013422012329
387.6984074115753
388.8154203891754
389.86361598968506
390.9327552318573
392.0487723350525
393.15481209754944
394.2119834423065
395.3250072002411
396.3662223815918
397.43336749076843
398.5384109020233
399.6085500717163
400.74949741363525
401.8445665836334
402.90373373031616
403.95591855049133
405.03702688217163
406.0582947731018
407.098512172699
408.18261218070984
409.24477338790894
410.27401971817017
411.4428930282593
412.55890583992004
414.3658022880554
415.43593883514404
416.5080711841583
417.57421946525574
418.7101800441742
419.85412096977234
420.9741253852844
422.10410165786743
423.1762342453003
424.252357006073
425.36837124824524
426.45546293258667
427.5545217990875
428.6805114746094
429.731698513031
430.7659327983856
431.8310823440552
432.88725876808167
434.0710906982422
435.1382360458374
436.241286277771
437.3632845878601
438.50223779678345
439.57437014579773
440.7033495903015
441.7535398006439
442.81370401382446
443.88982629776
444.9599630832672
446.0081603527069
447.16406750679016
448.25913882255554
449.32229447364807
450.39642095565796
451.50445795059204
452.5965356826782
453.70756340026855
454.8903992176056
456.0812146663666
457.1972289085388
458.32620906829834
459.40233087539673
460.50737380981445
461.5974590778351
462.71945691108704
463.82948780059814
464.9205696582794
466.0206274986267
467.1176931858063
468.19880080223083
469.9920029640198
471.10901498794556
472.2090723514557
473.2861907482147
474.3443613052368
475.42746448516846
476.55843782424927
477.68941259384155
478.8253753185272
479.88753271102905
480.93971824645996
482.01284861564636
483.07101678848267
484.1082434654236
485.1694049835205
486.2195966243744
487.313668012619
488.40076088905334
489.4629189968109
490.5739469528198
491.67899084091187
492.7979984283447
493.9140136241913
494.9881386756897
496.0842065811157
497.17329359054565
498.2863166332245
499.39235758781433
500.44753646850586
501.5376207828522
502.6536340713501
503.7377336025238
504.8537485599518
505.89396595954895
507.10373067855835
508.3434145450592
509.43549251556396
510.57644176483154
511.68647146224976
512.7625925540924
513.962384223938
515.0674276351929
516.2482688426971
517.3742566108704
518.4918258190155
519.5669496059418
520.6091620922089
521.6942598819733
522.7943167686462
523.8824050426483
525.7703547477722
526.8684191703796
527.918609380722
529.0096914768219
530.1616082191467
531.3823428153992
532.4903795719147
533.5625107288361
534.7094433307648
535.8653523921967
536.9634156227112
538.0265696048737
539.1356039047241
540.2047436237335
541.2918365001678
542.3579843044281
543.585699558258
544.6747868061066
545.7209885120392
546.7671890258789
547.856276512146
548.9742851257324
550.0284647941589
551.1025974750519
552.3153479099274
553.4343554973602
554.5374035835266
555.6254930496216
556.6986238956451
557.7617783546448
558.8129682540894
559.9030516147614
561.0210611820221
562.0732471942902
563.1653242111206
564.3092641830444
565.3654398918152
566.5572507381439
567.6872282028198
568.775318145752
569.8125433921814
571.086138010025
572.2041463851929
573.3101887702942
574.3833165168762
575.528254032135
576.5894150733948
577.6595525741577
578.734676361084
579.7768898010254
581.5812067985535
582.7291367053986
583.8242056369781
584.8833742141724
585.9325675964355
587.0445921421051
588.208477973938
589.3663809299469
590.551210641861
591.6033964157104
592.6555829048157
593.699788570404
594.7749137878418
595.8380699157715
596.9111981391907
597.9464290142059
599.0235476493835
600.1146302223206
601.1757915019989
602.1940667629242
603.2861468791962
604.511866569519
605.5630564689636
606.6760785579681
607.701336145401
608.7914197444916
609.9154124259949
611.0114803314209
612.1205141544342
613.1667153835297
614.3106598854065
615.3997416496277
616.4688818454742
617.5769176483154
618.723849773407
619.8269009590149
620.887065410614
622.0399811267853
623.1410338878632
624.288964509964
625.4159500598907
626.5150089263916
627.5741770267487
628.618382692337
629.6765515804291
630.7217569351196
631.7689554691315
632.8091735839844
633.8613584041595
634.9075589179993
636.893248796463
638.0561382770538
639.2359802722931
640.3190829753876
641.436096906662
642.5301699638367
643.6800923347473
644.7701766490936
645.8752236366272
646.9303987026215
648.0005362033844
649.0886261463165
650.1567685604095
651.2488467693329
652.3000342845917
653.4100675582886
654.5171041488647
655.5902345180511
656.6563811302185
657.7554426193237
658.8904073238373
660.0233750343323
661.221170425415
662.3700978755951
663.4811263084412
664.53031873703
665.5525841712952
666.6137456893921
667.687872171402
668.7520260810852
669.823160648346
670.877340555191
671.9604442119598
673.0794513225555
674.176516532898
675.2835557460785
676.3925883769989
677.4746935367584
678.5777428150177
679.7117102146149
680.9214744567871
682.0145487785339
683.1734492778778
684.2645311355591
685.3586039543152
686.5115220546722
687.6624410152435
688.822338104248
689.8735265731812
690.8987851142883
692.7167861461639
693.8008859157562
694.8800010681152
695.974072933197
697.098067522049
698.1342942714691
699.3161346912384
700.3633322715759
701.433470249176
702.4946308135986
703.5777339935303
704.6488683223724
705.7399506568909
706.8759107589722
707.9620053768158
709.0620636940002
710.2718267440796
711.3858480453491
712.5627000331879
713.6408145427704
714.7638108730316
715.8359434604645
716.926027059555
718.0410442352295
719.134120464325
720.1693515777588
721.2085711956024
722.3026444911957
723.3508408069611
724.4259648323059
725.554945230484
726.6240859031677
727.7211501598358
728.787299156189
729.9063062667847
730.9894089698792
732.1513001918793
733.2553465366364
734.419233083725
735.5153019428253
736.549535036087
737.5648200511932
738.5731217861176
739.6412649154663
740.6974401473999
741.7456352710724
742.8297362327576
743.9098467826843
744.9590399265289
746.0600945949554
747.8672604560852
749.0131950378418
750.1262187957764
751.3060612678528
752.4938838481903
753.6737289428711
754.776777267456
755.9117414951324
757.0068123340607
758.0799424648285
759.149082660675
760.1992728710175
761.3043165206909
762.3734564781189
763.4326231479645
764.4808201789856
765.5529515743256
766.7248167991638
767.7829868793488
768.9089751243591
769.9701354503632
771.0322954654694
772.2091464996338
773.2962393760681
774.4411752223969
775.4963541030884
776.5674877166748
777.6974647045135
778.8114852905273
779.9205181598663
780.9926509857178
782.021897315979
783.1578605175018
784.2948176860809
785.3649549484253
786.5308372974396
787.6249468326569
788.7419214248657
789.8679094314575
790.9859204292297
792.1079173088074
793.2279222011566
794.3160111904144
795.4140741825104
796.5839455127716
797.6879913806915
798.7980220317841
799.900074005127
801.0430164337158
802.1201348304749
803.9592161178589
805.0303499698639
806.1154479980469
807.1636440753937
808.2128384113312
809.2969372272491
810.354109287262
811.4212548732758
812.4594779014587
813.545572757721
814.5977575778961
815.6409668922424
816.6801872253418
817.7872259616852
818.8683340549469
819.9624078273773
821.0634634494781
822.2492899894714
823.4391086101532
824.5421578884125
825.6412172317505
826.7721917629242
827.832355260849
828.8616030216217
829.9097983837128
830.993898153305
832.0450873374939
833.0902907848358
834.1704015731812
835.2415359020233
836.3036947250366
837.4217045307159
838.5636510848999
839.621818780899
840.7198824882507
841.8568406105042
842.9628820419312
844.0878722667694
845.2088739871979
846.3478269577026
847.427937746048
848.5030632019043
849.5871622562408
850.653311252594
851.7035021781921
852.7447168827057
853.7869288921356
854.8740198612213
855.9232137203217
857.0940811634064
858.6133947372437
858.6792047023773
858.7161099910736
858.7420365810394
858.7679712772369
858.7942686080933
858.8202028274536
858.845183134079
858.8730647563934
858.8970017433167
858.9219355583191
858.9468636512756
858.9698066711426
858.993738412857
859.0176737308502
859.0426070690155
859.0655460357666
859.0904793739319
859.114415884018
859.1383512020111
859.1622924804688
859.1862568855286
859.2101631164551
859.234099149704
859.2590284347534
859.282968044281
859.3069047927856
859.3388204574585
859.3627564907074
859.385689496994
859.4096302986145
859.4335956573486
859.4574975967407
859.4814372062683
859.5043728351593
859.5293102264404
859.5542395114899
859.5781750679016
859.6021156311035
859.6260504722595
859.6499865055084
859.6749155521393
859.6988558769226
859.7227926254272
859.7467238903046
859.7706599235535
859.794599533081
859.8185315132141
859.842467546463
859.8664073944092
860.5827670097351
860.6067073345184
860.6296417713165
860.6535835266113
860.6775178909302
860.7014496326447
860.7253859043121
860.7493216991425
860.7732622623444
860.7971937656403
860.8211297988892
860.8450658321381
860.8699998855591
860.8939394950867
860.917875289917
860.9428083896637
860.9667451381683
860.9916777610779
861.0156145095825
861.0395455360413
861.0644776821136
861.0894119739532
861.1133527755737
861.1382853984833
861.1622211933136
861.1861526966095
861.2100932598114
861.2340252399445
861.2579610347748
861.2818961143494
861.305837392807
861.3297688961029
861.3547024726868
861.379635810852
861.4045696258545
861.4295024871826
861.4544367790222
861.4803650379181
861.5053009986877
861.5292344093323
861.5541741847992
861.5791068077087
861.6040360927582
861.6279754638672
861.6519117355347
861.675847530365
861.7007811069489
861.7247169017792
861.7486488819122
861.7735869884491
